height:0.0 14.75 14.591667 14.5 14.25 13.75 12.908333 12.841667 12.75 12.625 12.841667 12.908333 13.908333 14.341667 14.5 15.341667 15.5 17.0 17.375 18.0 19.0 21.75 22.75 23.25 23.75 24.5 24.875 25.375 26.591667 26.908333 27.591667 27.908333 28.091667 28.158333 28.375 28.341667 28.158333 27.841667 26.341667 25.408333 25.25 24.25 23.25 22.5 22.0 21.25 20.5 20.0 19.75 19.625 19.125 18.75 16.625 14.908333 
height:0.2 14.75 14.591667 14.5 14.25 13.75 12.908333 12.841667 12.75 12.625 12.841667 12.908333 13.908333 14.341667 14.5 15.341667 15.5 17.0 17.375 18.0 19.0 21.75 22.75 23.25 23.75 24.5 24.875 25.375 26.591667 26.908333 27.5 27.841667 28.25 28.375 28.341667 28.158333 27.841667 26.341667 25.25 24.25 23.875 23.25 21.5 20.5 19.625 18.25 18.0 17.875 16.625 14.908333 
height:0.4 14.5 14.341667 13.908333 12.908333 12.841667 12.625 12.75 12.841667 12.908333 13.5 14.158333 15.091667 15.25 16.625 17.875 18.0 18.25 19.625 20.5 21.5 23.25 23.875 24.25 25.25 26.341667 27.591667 27.75 28.091667 28.125 28.158333 28.341667 28.375 28.158333 28.0 27.841667 27.658333 27.591667 27.158333 26.341667 25.25 24.875 24.5 23.75 23.25 22.75 21.75 19.0 18.0 17.5 17.125 15.5 15.341667 
height:0.6 19.25 19.125 19.5 19.75 20.0 20.25 20.5 21.5 23.25 23.875 24.25 25.591667 25.75 26.591667 27.591667 28.158333 28.341667 28.375 28.158333 28.0 27.841667 26.341667 25.25 24.875 24.5 23.75 23.25 22.75 21.75 19.0 18.0 17.5 17.125 15.5 15.341667 14.5 14.341667 13.908333 12.908333 12.841667 12.625 12.75 12.841667 12.908333 13.5 14.158333 15.341667 15.5 16.625 17.875 18.0 18.25 18.625 
height:0.8 19.25 19.125 19.5 19.75 20.0 20.25 20.5 21.5 22.5 22.75 23.25 23.875 24.25 25.591667 25.75 26.591667 27.591667 28.158333 28.341667 28.375 28.158333 28.091667 28.0 27.841667 26.341667 25.25 24.875 24.5 23.75 23.25 22.75 21.75 19.0 18.0 17.5 17.125 15.5 15.341667 14.5 14.341667 13.908333 12.908333 12.841667 12.625 12.75 12.841667 12.908333 13.341667 14.158333 15.341667 15.5 16.625 17.875 18.0 18.25 18.625 
height:1.0 27.591667 27.658333 28.091667 28.158333 28.375 28.125 28.091667 27.908333 27.591667 26.341667 25.25 22.75 22.125 22.0 20.625 20.25 19.75 18.5 17.5 16.875 15.5 15.341667 14.5 14.341667 13.908333 13.5 13.341667 12.908333 12.841667 12.625 12.75 12.841667 12.908333 14.658333 15.591667 15.75 16.625 17.875 18.0 18.25 18.625 19.125 19.25 19.5 19.75 20.0 20.25 20.5 21.5 22.5 22.75 23.25 23.875 24.25 25.841667 26.0 26.591667 
height:1.2 19.25 19.125 19.5 19.75 20.0 20.25 20.5 21.5 23.25 23.875 24.25 25.841667 26.0 26.591667 27.591667 27.908333 28.091667 28.158333 28.325 28.125 28.091667 27.908333 27.591667 26.341667 25.25 24.875 23.875 22.75 20.875 20.5 19.375 18.5 17.375 15.25 15.091667 14.408333 14.25 14.0 12.908333 12.841667 12.625 12.75 12.841667 12.908333 13.908333 14.25 14.75 16.625 17.875 18.0 18.25 18.625 
height:1.4 16.125 16.5 16.125 15.875 15.75 15.591667 15.375 15.125 15.0 14.841667 13.908333 12.908333 12.75 12.658333 12.75 12.908333 14.0 14.25 14.408333 15.091667 15.25 17.375 18.5 19.5 21.0 22.75 23.875 24.875 25.25 26.341667 27.591667 27.908333 28.091667 28.091667 27.908333 27.591667 26.591667 26.0 25.841667 24.25 23.875 23.25 21.5 20.5 19.5 19.125 18.25 17.75 17.375 
height:1.6 14.0 13.75 12.908333 12.841667 12.75 12.675 12.75 12.908333 13.341667 13.408333 13.908333 14.25 14.908333 17.375 17.875 18.25 19.0 19.5 21.0 22.75 23.875 24.875 25.25 26.341667 26.408333 26.75 27.5 27.841667 27.908333 28.125 28.091667 27.908333 27.591667 26.591667 26.0 25.841667 24.25 23.875 23.25 21.5 20.5 17.5 16.625 16.375 16.0 15.908333 15.75 14.908333 14.75 14.408333 14.25 14.091667 
height:1.8 17.875 17.375 18.25 19.0 19.5 21.0 21.5 22.25 23.875 24.875 25.25 26.341667 26.408333 26.75 27.5 27.841667 27.908333 28.125 28.091667 27.908333 27.75 27.658333 27.591667 26.591667 26.0 25.75 23.75 23.375 22.5 22.25 21.25 19.5 19.25 19.125 17.5 15.0 13.091667 13.0 12.908333 13.591667 13.908333 14.841667 15.0 
height:2.0 24.125 25.0 26.341667 26.408333 26.75 27.5 27.841667 27.908333 28.125 28.091667 27.908333 27.75 27.658333 27.591667 26.591667 26.0 25.75 23.75 23.375 22.5 22.25 21.5 21.25 20.5 19.5 19.125 18.25 17.625 17.125 15.0 13.5 13.158333 13.091667 13.0 12.908333 13.591667 13.908333 14.841667 15.0 17.625 18.25 19.25 21.25 22.25 23.75 
height:2.2 27.908333 27.875 27.841667 27.658333 27.341667 26.591667 26.0 25.75 23.75 22.25 22.0 20.5 19.5 19.125 18.25 17.625 17.125 15.25 13.908333 13.658333 13.5 13.158333 13.091667 13.0 12.908333 13.591667 13.75 14.158333 14.75 15.0 16.875 17.75 18.25 19.25 21.25 22.25 23.0 23.5 24.625 25.0 26.341667 26.408333 26.75 27.5 27.841667 27.908333 28.125 28.091667 
height:2.4 23.75 23.0 20.5 19.5 19.125 18.25 16.625 15.5 15.341667 14.158333 13.091667 13.0 12.908333 13.591667 13.75 14.158333 14.5 14.75 17.625 18.75 21.25 23.0 25.125 26.341667 26.408333 26.75 27.5 27.841667 27.908333 28.125 28.091667 27.908333 27.875 27.875 27.341667 26.591667 26.25 26.0 
height:2.6 13.0 12.908333 13.591667 13.75 14.158333 14.5 14.658333 15.75 15.841667 16.0 16.5 16.75 17.125 18.75 21.5 22.5 23.0 25.125 26.341667 26.408333 26.75 27.5 27.841667 28.0 28.091667 28.125 27.908333 27.841667 27.658333 27.341667 26.091667 23.875 23.25 21.0 20.0 19.0 18.125 17.75 17.625 17.5 17.125 16.0 14.908333 14.75 13.908333 13.158333 13.091667 
height:2.8 23.875 23.25 24.25 26.0 26.25 26.591667 27.341667 27.658333 27.841667 27.908333 28.091667 28.125 27.908333 27.841667 27.658333 27.591667 26.341667 25.125 23.875 23.5 22.5 21.5 18.5 17.0 14.658333 14.5 14.158333 13.75 13.591667 12.908333 13.0 13.091667 13.158333 13.5 14.408333 14.75 14.908333 16.0 17.125 17.5 17.625 17.75 18.125 19.0 20.0 21.0 
height:3.0 28.125 27.841667 27.908333 27.841667 27.658333 27.341667 26.091667 23.875 23.25 21.0 20.0 19.0 18.125 17.75 17.625 17.5 17.125 16.0 14.908333 13.5 13.158333 13.091667 13.0 12.908333 13.591667 13.75 14.158333 14.591667 14.75 15.591667 15.75 17.0 18.5 21.5 22.5 24.125 25.375 26.341667 27.591667 27.658333 
height:3.2 23.25 23.875 26.091667 27.091667 27.25 27.591667 27.625 27.658333 27.841667 27.908333 28.125 28.091667 27.875 27.841667 27.658333 27.25 26.591667 24.75 22.0 20.75 20.25 19.625 18.5 17.375 15.25 15.091667 14.158333 12.908333 13.0 13.091667 13.158333 14.908333 15.841667 16.0 17.125 17.5 17.625 17.75 18.125 19.0 20.0 21.0 
height:3.4 21.0 20.5 19.125 18.25 17.875 17.375 15.25 15.091667 14.158333 13.841667 13.158333 13.091667 12.908333 13.0 13.091667 13.158333 13.841667 13.908333 14.841667 15.158333 16.25 17.125 17.5 17.625 17.75 18.125 19.0 20.0 21.0 23.25 23.875 26.091667 27.091667 27.25 27.591667 27.625 27.658333 27.841667 27.908333 28.125 27.875 27.841667 27.658333 27.25 26.591667 24.75 22.0 
height:3.6 23.25 23.875 26.25 27.591667 27.658333 27.75 27.908333 28.075 27.875 27.875 27.341667 26.591667 24.875 24.5 23.75 22.75 22.25 21.5 21.0 19.5 19.0 18.25 17.875 17.375 15.0 14.5 14.158333 13.158333 13.091667 12.875 13.0 13.091667 13.158333 13.591667 14.408333 15.841667 16.0 17.125 17.5 17.625 17.75 18.125 19.0 20.0 21.0 
height:3.8 13.408333 13.75 13.408333 13.25 13.091667 13.0 13.091667 13.158333 14.158333 14.5 15.0 16.341667 16.5 16.75 16.875 17.125 17.5 17.625 17.75 18.125 19.0 20.0 20.75 21.25 22.75 23.75 26.341667 27.091667 27.25 27.591667 27.658333 27.875 27.875 27.341667 26.591667 24.625 24.125 23.75 22.25 21.5 21.0 19.25 18.25 17.625 14.908333 14.5 13.908333 
height:4.0 23.75 24.125 24.625 26.591667 27.341667 27.875 27.875 27.658333 27.591667 27.158333 26.841667 26.5 26.341667 23.75 22.75 21.0 20.75 20.0 19.5 18.25 17.625 17.125 15.75 14.25 13.908333 13.841667 13.5 13.341667 13.25 13.158333 13.25 13.5 13.908333 14.408333 15.25 16.591667 16.75 18.25 19.25 21.0 21.5 22.25 
height:4.2 15.841667 15.158333 13.341667 13.25 13.158333 13.25 13.908333 14.091667 14.408333 14.841667 15.0 15.841667 16.0 17.25 17.625 18.0 18.875 19.25 21.25 22.25 24.375 25.125 25.591667 25.658333 26.591667 27.341667 27.75 27.875 27.875 27.658333 27.591667 27.408333 26.841667 26.5 26.341667 23.75 22.75 21.0 18.25 17.625 17.125 16.875 16.75 16.591667 16.0 
height:4.4 19.0 21.25 19.0 17.5 17.125 15.75 15.591667 14.408333 14.091667 13.908333 13.25 13.158333 13.25 13.341667 14.091667 14.158333 14.591667 15.158333 15.841667 16.0 16.591667 16.75 16.875 17.125 17.625 18.25 21.0 22.75 23.75 26.591667 27.25 27.408333 27.591667 27.658333 27.875 27.875 27.658333 27.591667 26.591667 25.658333 25.375 25.0 24.875 24.5 24.375 24.25 23.75 22.875 22.5 21.75 
height:4.6 16.875 16.75 16.591667 16.375 16.125 16.0 15.908333 15.75 15.591667 15.5 15.375 15.158333 14.5 14.158333 13.658333 13.625 13.5 13.375 13.25 13.158333 13.841667 13.908333 14.408333 15.591667 15.75 17.125 17.5 18.0 19.0 21.75 23.5 25.5 25.658333 26.591667 27.591667 27.658333 27.875 27.875 27.658333 27.591667 27.408333 27.25 26.591667 25.5 25.0 24.625 23.75 22.75 21.5 21.125 20.25 18.25 17.625 17.125 
height:4.8 23.875 24.25 23.5 23.0 22.75 22.5 21.5 18.5 17.375 15.75 15.591667 14.408333 13.5 13.408333 13.341667 13.125 13.25 13.341667 13.75 14.091667 14.158333 14.5 15.908333 17.125 17.625 18.25 20.25 21.125 21.5 22.75 23.75 24.75 25.125 25.5 25.658333 26.591667 26.75 27.0 27.25 27.408333 27.591667 27.658333 27.875 27.875 27.658333 27.591667 26.591667 25.658333 25.375 25.0 24.875 24.5 24.375 
height:5.0 27.658333 27.875 27.875 27.658333 27.591667 27.408333 27.0 26.591667 25.908333 25.75 25.375 25.0 24.125 22.0 18.5 17.375 15.25 14.841667 14.408333 13.658333 13.591667 13.5 13.408333 13.5 13.591667 14.091667 14.158333 14.591667 15.908333 17.125 17.625 18.25 20.25 21.125 21.5 22.5 22.875 23.75 24.75 25.125 25.5 25.658333 26.591667 26.75 27.0 27.25 27.408333 27.591667 
height:5.2 14.158333 14.841667 14.908333 15.25 15.408333 15.625 15.75 15.841667 16.25 16.75 16.875 17.125 17.625 18.25 20.25 21.125 21.5 22.75 23.75 24.75 25.125 26.591667 26.75 27.0 27.25 27.408333 27.591667 27.625 27.875 27.75 27.658333 27.625 27.25 26.591667 25.125 24.75 24.125 23.25 23.0 22.75 21.75 18.25 18.0 17.75 16.25 16.091667 16.0 15.158333 14.908333 14.841667 14.75 14.408333 14.091667 13.908333 13.75 13.658333 13.5 13.408333 13.5 13.591667 13.658333 14.091667 
height:5.4 24.75 24.375 25.125 26.0 27.091667 27.158333 27.341667 27.5 27.625 27.625 27.25 26.591667 25.125 24.75 24.5 24.375 24.125 22.25 18.25 17.125 16.0 15.841667 14.908333 14.158333 13.625 13.75 13.841667 14.158333 14.591667 15.0 15.125 15.158333 16.158333 16.75 17.125 17.625 18.25 20.25 21.375 21.75 23.25 23.841667 24.0 
height:5.6 24.75 24.375 25.125 26.0 26.158333 26.841667 27.158333 27.341667 27.408333 27.625 27.625 27.25 26.908333 26.841667 26.091667 24.625 24.125 23.75 22.25 18.25 17.125 16.0 14.908333 14.408333 14.25 13.908333 13.841667 13.625 13.75 13.841667 14.158333 15.091667 15.25 15.591667 15.658333 17.125 17.625 18.25 20.25 21.75 22.0 23.25 23.841667 24.0 
height:5.8 24.75 24.375 25.125 26.25 26.408333 26.841667 27.158333 27.341667 27.408333 27.625 27.625 27.408333 27.341667 26.908333 26.75 26.341667 24.375 23.375 23.0 22.0 18.0 17.375 15.658333 15.5 14.908333 14.408333 14.0 13.908333 13.841667 13.625 13.75 13.841667 14.0 14.158333 15.091667 15.408333 16.5 17.0 17.5 18.25 20.25 23.25 23.841667 24.0 
height:5.8 24.341667 24.25 24.25 24.125 
height:6.0 24.75 24.375 25.125 26.5 26.75 27.0 27.158333 27.341667 27.375 27.625 27.625 27.408333 27.341667 26.908333 26.75 26.341667 24.375 23.375 22.5 20.75 20.25 19.5 18.0 17.375 15.5 15.341667 14.908333 14.408333 14.0 13.908333 13.75 13.675 13.75 13.841667 13.908333 14.341667 14.408333 15.341667 15.658333 16.5 17.0 18.25 19.75 20.25 20.5 23.25 23.841667 24.0 
height:6.0 24.0 24.125 24.341667 24.341667 24.158333 23.908333 
height:6.2 16.0 16.25 17.5 18.0 19.125 19.5 20.75 21.25 22.5 24.375 26.341667 26.75 26.908333 27.341667 27.408333 27.625 27.625 27.375 27.341667 27.158333 27.0 26.75 26.5 24.875 24.0 23.5 22.0 21.5 20.25 18.125 17.375 16.408333 15.908333 15.841667 15.408333 15.341667 14.408333 14.091667 14.0 13.875 14.408333 15.158333 
height:6.2 24.0 24.125 24.25 24.575 24.408333 24.341667 24.125 23.908333 
height:6.4 27.091667 27.158333 27.091667 26.5 24.0 23.841667 23.25 23.0 21.5 21.25 20.25 17.75 17.0 16.591667 16.5 16.25 16.091667 15.658333 15.341667 15.0 14.658333 14.591667 14.25 14.091667 14.0 13.875 14.408333 15.158333 15.841667 16.0 17.125 17.75 18.75 19.25 21.0 21.25 21.5 22.625 23.25 24.0 24.375 26.341667 26.75 26.908333 27.341667 27.408333 27.625 27.625 27.375 27.375 
height:6.4 23.75 23.658333 23.75 23.875 24.575 24.408333 24.341667 23.908333 23.75 
height:6.6 27.091667 27.158333 27.091667 26.75 24.875 23.908333 23.75 23.25 22.5 21.25 21.0 20.25 19.0 18.5 18.125 17.75 17.0 16.5 16.158333 16.091667 15.658333 15.341667 15.0 14.658333 14.591667 14.158333 14.091667 14.0 13.875 13.908333 14.091667 14.25 14.408333 15.25 15.75 17.125 17.75 18.625 19.0 21.25 21.625 22.75 24.0 25.125 25.5 25.658333 26.341667 26.75 26.908333 27.341667 27.408333 27.625 27.5 27.408333 27.375 
height:6.6 23.75 23.658333 23.75 23.875 24.25 24.5 24.341667 24.0 
height:6.8 24.591667 24.591667 24.25 23.908333 23.408333 23.341667 23.158333 23.091667 22.875 21.125 21.0 20.25 19.0 18.5 17.875 17.0 16.5 16.158333 15.841667 15.75 15.658333 15.591667 15.408333 15.341667 14.908333 14.408333 14.25 14.091667 14.0 13.908333 14.091667 14.158333 14.908333 15.75 17.125 17.75 18.75 21.5 22.0 22.75 24.375 25.0 25.375 25.658333 26.341667 26.75 26.908333 27.341667 27.375 27.625 27.625 27.375 27.375 27.158333 27.091667 26.841667 24.875 24.5 24.0 23.658333 23.658333 24.25 
height:7.0 24.341667 23.908333 23.908333 24.25 24.625 25.25 25.625 26.591667 27.091667 27.158333 27.375 27.375 27.625 27.375 27.341667 26.908333 26.591667 25.375 25.0 24.375 22.75 21.75 18.25 18.0 17.5 16.5 16.25 14.908333 14.158333 14.091667 13.875 14.0 14.091667 14.658333 15.0 15.591667 15.908333 16.908333 17.875 19.0 19.625 21.0 21.75 22.75 23.091667 23.25 23.658333 24.25 24.591667 24.625 24.408333 
height:7.2 24.341667 23.908333 24.341667 24.408333 24.591667 24.25 24.0 23.658333 23.158333 23.091667 22.625 22.125 22.0 20.625 20.5 20.0 18.0 16.908333 16.158333 16.0 15.908333 15.75 15.591667 15.408333 15.341667 14.658333 14.341667 14.25 14.125 14.658333 15.158333 15.75 16.0 17.5 18.5 22.0 23.0 23.375 24.625 25.841667 26.0 26.591667 27.375 27.375 27.158333 27.091667 26.591667 25.375 24.158333 
height:7.4 24.591667 24.25 24.591667 24.25 24.158333 24.158333 24.5 25.125 26.841667 27.091667 27.158333 27.375 27.375 26.591667 26.0 25.841667 24.625 24.125 23.5 23.0 22.0 18.5 17.5 16.875 16.0 15.75 15.158333 14.658333 14.125 14.25 14.341667 14.408333 15.591667 16.158333 16.908333 18.25 18.5 18.75 19.0 19.375 21.0 21.25 21.625 22.5 23.091667 23.408333 23.625 
height:7.6 24.158333 24.408333 24.875 26.841667 27.0 27.158333 27.375 27.375 26.591667 26.0 25.841667 24.625 24.125 23.5 23.0 22.0 18.5 17.5 16.875 15.75 14.658333 14.125 14.25 14.341667 14.658333 15.341667 15.5 15.841667 16.0 16.158333 16.908333 18.25 22.125 22.841667 23.408333 24.25 24.5 24.625 24.591667 24.408333 24.25 
height:7.8 24.825 24.591667 24.825 24.375 27.0 27.375 27.375 26.591667 26.0 25.841667 24.375 23.0 22.0 18.25 17.25 15.75 14.658333 14.125 14.25 14.341667 14.5 14.658333 15.341667 15.841667 16.158333 16.908333 18.5 22.125 22.841667 23.408333 24.25 
height:8.0 15.841667 15.658333 16.158333 17.158333 17.25 17.625 18.0 18.375 19.5 19.75 19.875 20.0 20.25 21.625 22.375 23.091667 23.158333 23.5 23.658333 24.25 24.591667 24.658333 24.825 24.375 24.408333 24.75 25.375 25.75 25.908333 26.375 26.75 27.375 27.375 27.125 27.158333 27.375 27.375 26.591667 26.0 25.841667 24.625 23.25 22.25 18.25 17.25 15.75 15.591667 14.908333 14.25 14.158333 14.25 14.341667 14.658333 15.158333 15.591667 
height:8.2 16.091667 16.0 16.158333 16.25 16.341667 16.658333 17.0 17.158333 18.125 18.5 20.0 21.375 21.5 21.75 22.625 23.091667 23.158333 23.658333 24.25 24.5 24.625 24.625 24.375 24.408333 24.75 26.75 27.375 27.375 27.125 27.125 27.375 27.375 26.591667 26.158333 26.091667 24.375 24.0 23.25 22.625 22.5 18.25 17.25 15.5 15.341667 14.908333 14.5 14.408333 14.25 14.158333 14.25 14.341667 14.658333 15.341667 15.841667 
height:8.4 16.125 16.0 16.158333 16.25 16.341667 16.658333 17.0 17.25 18.375 18.875 19.25 20.875 21.0 21.25 21.75 22.375 22.75 23.091667 23.158333 23.591667 23.75 23.875 24.25 24.5 24.625 24.375 24.658333 25.0 26.841667 27.375 27.375 27.125 27.125 27.375 27.375 26.591667 26.158333 26.091667 24.375 24.0 23.25 22.625 22.5 18.25 17.25 16.625 16.158333 16.0 15.408333 15.25 14.908333 14.5 14.408333 14.25 14.158333 14.25 14.341667 14.408333 14.75 14.875 14.908333 15.25 15.841667 
height:8.6 23.25 23.625 22.25 20.75 20.25 19.375 19.25 17.75 17.25 16.625 16.125 15.75 15.158333 14.408333 14.341667 14.158333 14.25 14.341667 14.5 14.658333 15.841667 15.908333 16.125 16.158333 16.25 16.408333 16.908333 17.75 18.0 18.158333 18.625 19.0 19.25 22.375 22.841667 23.408333 24.25 24.625 24.375 24.658333 25.0 25.591667 25.75 27.091667 27.375 27.375 27.125 27.375 26.591667 26.158333 26.091667 24.125 
height:8.8 20.75 21.25 20.75 19.25 19.0 17.75 15.158333 14.408333 14.341667 14.125 14.25 14.341667 14.5 14.658333 15.158333 15.591667 15.908333 16.091667 16.158333 16.25 16.408333 16.908333 17.591667 17.75 18.841667 19.125 20.125 20.5 22.125 23.091667 23.25 23.658333 24.25 24.5 24.625 24.375 24.658333 26.0 27.091667 27.375 27.375 27.125 27.375 27.25 27.0 26.841667 26.341667 23.875 22.75 
height:9.0 17.75 16.875 15.658333 15.5 15.158333 14.408333 14.25 14.175 14.25 14.341667 14.658333 15.341667 16.091667 16.125 16.341667 16.408333 17.158333 18.0 18.158333 19.625 22.625 22.75 23.408333 24.25 24.5 24.625 24.375 24.658333 25.25 25.658333 27.091667 27.375 27.375 27.125 27.125 27.375 27.375 27.25 26.841667 26.341667 25.75 25.591667 24.875 23.875 22.75 21.5 21.0 19.25 18.75 
height:9.2 27.125 27.375 27.375 26.841667 25.908333 25.091667 24.658333 24.591667 24.375 24.408333 24.5 24.625 24.25 23.408333 22.625 19.625 18.25 18.091667 17.158333 16.408333 16.091667 15.341667 14.908333 14.591667 14.5 14.375 14.591667 14.658333 15.75 17.0 19.0 21.25 21.625 22.75 23.875 24.5 24.875 26.341667 26.841667 27.25 27.375 27.375 27.125 
height:9.4 23.5 24.125 24.625 25.841667 26.841667 27.25 27.375 27.375 27.125 27.125 27.375 27.375 27.091667 26.158333 24.658333 24.591667 24.375 24.408333 24.5 24.625 24.25 24.0 23.158333 23.091667 22.375 21.75 20.25 19.875 19.375 18.25 17.841667 16.908333 16.5 16.408333 16.341667 16.25 16.091667 15.5 14.658333 14.591667 14.5 14.375 14.591667 14.658333 15.75 16.875 17.5 18.625 19.0 21.5 22.0 22.75 23.0 
height:9.6 17.841667 16.908333 16.5 16.408333 16.375 16.25 16.091667 15.591667 15.158333 14.658333 14.591667 14.5 14.375 14.591667 14.658333 15.75 16.875 17.5 18.375 18.75 21.5 22.0 23.0 23.5 24.125 24.625 25.841667 26.841667 27.0 27.091667 27.25 27.375 27.341667 27.125 27.125 27.375 27.375 27.091667 26.408333 25.658333 25.591667 25.25 24.658333 24.375 24.375 24.575 24.25 24.158333 24.0 23.158333 23.0 22.375 20.25 19.875 19.375 18.158333 
height:9.8 25.591667 25.375 25.625 25.75 26.25 26.75 26.875 27.091667 27.341667 27.408333 27.575 27.375 27.341667 27.125 27.125 27.375 27.341667 27.158333 27.0 26.841667 25.841667 24.625 24.125 23.5 23.0 22.25 21.75 18.5 17.5 16.875 16.0 14.908333 14.375 14.5 14.591667 14.658333 15.158333 15.591667 16.091667 16.158333 16.25 16.375 16.5 16.625 16.625 16.658333 16.75 16.875 16.908333 17.5 18.158333 19.375 19.875 20.25 22.125 22.625 23.0 23.158333 23.591667 24.25 24.375 24.658333 25.25 
height:10.0 25.841667 24.375 26.0 26.591667 26.908333 27.091667 27.158333 27.375 27.341667 27.125 27.125 27.25 27.408333 27.5 27.625 27.341667 26.658333 26.341667 25.75 25.625 25.591667 25.375 25.25 25.158333 24.408333 24.25 23.625 23.125 22.5 20.0 18.875 18.158333 17.591667 17.158333 16.75 16.658333 16.591667 16.375 16.341667 16.158333 15.841667 15.25 14.908333 14.591667 14.5 14.375 14.908333 16.0 16.875 17.5 18.5 22.0 23.0 
height:10.2 14.75 14.591667 14.408333 14.375 14.5 14.591667 14.908333 15.341667 16.341667 16.375 16.591667 16.658333 16.75 17.158333 17.591667 17.908333 18.341667 18.5 19.75 21.25 21.75 23.625 24.091667 24.25 24.375 24.658333 25.091667 25.841667 25.908333 26.25 26.408333 27.341667 27.625 27.5 27.25 27.091667 26.908333 27.125 27.125 27.375 27.158333 27.091667 26.908333 26.591667 26.158333 26.091667 24.375 23.875 23.5 22.25 18.5 18.125 17.25 15.5 15.341667 14.908333 
height:10.4 14.75 14.591667 14.408333 14.375 14.5 14.591667 14.658333 15.75 16.341667 16.375 16.591667 16.658333 16.75 16.908333 17.908333 19.375 19.875 20.25 20.5 20.875 22.125 23.25 23.5 23.875 24.25 24.408333 24.5 24.658333 25.341667 26.341667 26.375 26.5 26.908333 27.341667 27.625 27.591667 27.5 27.25 27.091667 27.0 26.875 26.875 26.908333 27.091667 27.25 27.341667 27.375 27.158333 27.091667 26.908333 26.591667 26.158333 26.091667 24.375 23.875 23.5 22.25 18.5 18.125 17.25 15.5 15.341667 14.908333 
height:10.6 14.5 14.375 14.408333 14.591667 14.75 14.908333 15.341667 15.5 17.25 18.25 22.0 22.5 23.25 23.625 24.125 26.091667 26.158333 26.591667 26.908333 27.091667 27.158333 27.375 27.125 27.091667 26.908333 26.875 27.0 27.091667 27.25 27.341667 27.408333 27.591667 27.625 27.091667 26.658333 26.341667 25.341667 25.125 25.0 24.408333 24.341667 24.0 23.25 22.25 21.0 19.5 17.908333 16.908333 16.75 16.658333 16.591667 16.375 16.341667 16.0 15.841667 15.625 15.5 15.408333 14.658333 14.591667 
height:10.8 14.5 14.375 14.408333 14.591667 14.75 14.908333 15.841667 16.0 17.25 18.25 22.0 22.5 23.25 23.625 24.125 26.091667 26.158333 26.591667 27.0 27.158333 27.25 27.375 27.125 27.091667 26.908333 26.875 27.25 27.341667 27.408333 27.591667 27.625 27.341667 26.658333 26.341667 24.408333 24.341667 24.125 23.5 23.125 22.0 21.25 19.25 17.908333 16.908333 16.841667 16.658333 16.5 16.408333 16.341667 16.0 15.591667 15.158333 14.658333 14.591667 
height:11.0 14.5 14.375 14.408333 14.591667 14.75 14.908333 15.841667 16.0 17.25 18.25 22.5 22.625 23.25 23.625 24.0 24.875 25.0 25.375 25.658333 26.341667 26.841667 27.25 27.375 27.125 27.091667 26.875 26.875 27.25 27.341667 27.408333 27.591667 27.591667 26.658333 26.341667 25.591667 24.908333 24.25 23.5 23.125 22.625 22.5 21.625 20.25 19.0 18.625 17.658333 16.908333 16.841667 16.658333 16.341667 15.591667 14.908333 14.591667 
height:11.2 16.625 17.25 17.875 19.5 19.625 20.0 20.75 22.5 23.75 24.625 25.125 26.341667 27.091667 27.25 27.375 27.341667 27.125 27.091667 26.875 26.875 27.341667 27.408333 27.591667 27.591667 26.658333 26.341667 25.591667 24.408333 24.25 23.5 23.0 22.75 20.5 20.0 19.125 18.25 17.408333 16.658333 16.625 16.375 16.341667 15.341667 14.908333 14.591667 14.5 14.375 14.408333 14.591667 14.75 14.908333 15.841667 16.0 
height:11.4 16.625 17.25 19.125 19.5 22.5 23.75 25.125 25.841667 26.841667 27.375 27.091667 26.875 26.875 27.341667 27.408333 27.591667 27.625 25.841667 24.658333 24.25 23.5 22.875 21.875 20.25 19.875 19.0 18.0 17.591667 17.158333 16.625 16.625 16.408333 16.341667 15.341667 14.908333 14.591667 14.5 14.375 14.408333 14.591667 14.75 14.908333 15.841667 16.0 
height:11.6 27.091667 26.875 26.875 27.408333 27.591667 27.625 27.408333 27.341667 27.158333 27.0 26.591667 26.375 26.25 26.125 26.091667 24.408333 24.25 23.25 22.5 22.25 21.125 20.625 20.5 20.0 18.25 18.091667 17.158333 16.625 16.591667 16.408333 16.091667 15.75 15.341667 14.908333 14.75 14.591667 14.5 14.375 14.408333 14.591667 14.75 14.908333 15.25 15.908333 16.375 16.75 17.75 19.0 19.25 20.75 21.25 22.5 23.75 25.125 25.841667 26.841667 27.375 
height:11.8 27.091667 26.875 26.875 27.408333 27.591667 27.591667 27.0 26.841667 25.591667 24.658333 24.5 24.125 23.25 23.0 21.875 21.75 21.0 20.25 19.75 19.375 19.0 17.75 17.591667 17.158333 16.625 16.591667 16.158333 16.091667 15.658333 14.658333 14.591667 14.5 14.375 14.5 14.658333 14.75 14.908333 15.25 15.908333 16.375 16.75 17.75 18.75 19.25 21.0 21.5 22.5 23.75 24.375 24.75 26.091667 26.158333 26.591667 27.375 
height:12.0 21.5 21.0 19.0 18.625 17.75 16.75 16.375 15.908333 15.25 14.908333 14.75 14.658333 14.5 14.375 14.5 14.591667 14.658333 15.408333 15.5 15.625 15.841667 16.591667 16.625 16.908333 17.841667 18.0 19.25 21.25 22.875 23.25 23.625 24.125 25.841667 27.0 27.591667 27.591667 27.408333 26.875 26.875 27.125 27.158333 27.341667 27.375 26.591667 26.158333 26.091667 24.5 24.125 23.875 22.5 
height:12.2 25.841667 23.875 23.25 22.5 22.0 21.25 19.0 17.75 17.591667 17.158333 16.625 16.591667 15.5 14.908333 14.75 14.591667 14.5 14.375 14.5 14.908333 15.25 15.908333 16.375 16.75 17.75 18.625 19.0 21.25 21.75 22.5 23.875 24.125 24.5 26.091667 26.841667 26.908333 27.375 27.341667 27.158333 27.125 26.875 26.875 27.591667 27.591667 26.75 26.625 26.591667 
height:12.4 14.591667 14.658333 14.75 14.908333 15.25 15.908333 16.375 16.75 17.75 18.625 19.0 21.25 21.75 22.5 24.375 26.341667 26.841667 27.375 27.341667 27.158333 27.091667 26.908333 26.841667 26.658333 26.658333 26.841667 26.908333 27.591667 27.591667 26.75 26.591667 26.0 25.591667 24.375 24.0 23.5 21.75 20.375 19.75 19.25 18.625 18.125 17.841667 17.158333 16.658333 16.5 16.408333 16.625 16.591667 15.5 14.908333 14.75 14.591667 14.5 14.375 
height:12.6 14.591667 14.658333 14.75 14.908333 15.25 15.908333 16.375 16.75 17.75 18.75 21.25 21.625 22.75 24.375 26.341667 26.841667 27.375 27.341667 27.158333 27.125 27.091667 26.908333 26.841667 26.658333 26.625 26.841667 26.908333 27.591667 27.591667 26.75 26.591667 25.841667 24.125 23.5 21.25 18.75 18.0 16.908333 16.5 16.375 16.625 16.591667 15.5 14.908333 14.75 14.591667 14.5 14.375 
height:12.8 27.091667 26.908333 27.25 27.375 27.375 26.75 26.341667 25.658333 25.375 25.0 24.25 22.75 22.0 21.5 18.5 16.625 16.375 16.25 16.0 15.841667 14.908333 14.841667 14.625 14.591667 14.408333 14.5 14.591667 14.625 14.908333 15.591667 16.0 16.125 16.341667 16.408333 16.591667 16.625 16.375 16.5 16.658333 17.158333 18.25 21.0 22.75 24.0 24.375 24.75 25.5 25.658333 26.591667 26.908333 27.591667 27.591667 26.908333 26.841667 26.625 26.658333 26.841667 
height:13.0 27.091667 26.908333 27.25 27.375 27.375 26.591667 25.375 24.875 24.25 23.875 23.5 21.5 18.25 16.625 16.375 16.25 16.0 15.841667 14.908333 14.841667 14.625 14.75 14.841667 14.908333 15.25 16.591667 16.658333 16.841667 16.875 16.625 16.5 16.375 16.5 16.658333 16.908333 17.341667 17.5 18.375 18.75 19.25 20.75 21.5 22.0 23.25 24.625 26.0 26.841667 26.875 27.0 27.591667 27.591667 26.908333 26.841667 26.625 26.658333 26.841667 
height:13.2 27.091667 26.908333 27.25 27.375 27.375 26.75 26.591667 25.375 24.875 24.25 23.875 23.5 21.5 18.25 16.5 15.908333 14.908333 14.625 14.75 14.841667 14.908333 15.25 16.591667 16.658333 16.841667 16.875 16.658333 16.375 16.658333 17.158333 18.75 21.25 23.25 24.25 25.5 25.75 26.341667 27.25 27.591667 27.591667 27.408333 27.341667 26.908333 26.841667 26.625 26.658333 26.841667 
height:13.4 27.375 26.841667 26.091667 25.125 23.875 23.5 22.0 21.75 18.25 16.75 16.25 15.408333 14.658333 14.75 14.841667 14.908333 15.341667 15.75 16.091667 16.841667 16.875 16.75 16.591667 16.408333 16.375 16.658333 17.158333 17.841667 18.125 18.875 20.5 21.5 23.25 24.0 24.5 24.875 26.091667 26.841667 26.908333 27.25 27.625 27.591667 27.0 26.625 26.658333 26.841667 26.908333 27.091667 27.25 27.375 
height:13.6 23.75 24.25 23.75 22.75 22.25 22.0 21.0 18.375 17.5 17.341667 16.658333 16.5 16.375 16.658333 16.875 16.841667 16.341667 14.908333 14.841667 14.75 14.625 14.908333 15.75 16.341667 16.5 18.25 21.5 23.5 24.0 24.625 25.125 26.341667 26.75 27.375 27.375 27.25 27.0 26.841667 26.658333 26.625 26.908333 27.591667 27.625 27.341667 25.841667 25.25 24.875 
height:13.8 26.841667 26.658333 26.625 26.908333 27.341667 27.408333 27.591667 27.625 26.908333 26.841667 26.0 25.125 23.75 23.25 23.0 22.0 20.25 18.625 17.158333 16.658333 16.5 16.375 16.658333 16.875 16.841667 16.341667 15.408333 15.0 14.841667 14.75 14.625 14.841667 14.908333 15.75 16.75 17.25 18.25 21.5 23.5 24.0 24.625 25.125 26.341667 26.75 26.908333 27.341667 27.408333 27.625 27.341667 27.158333 
height:14.0 26.408333 26.375 26.408333 26.5 26.658333 26.75 26.908333 27.091667 27.158333 27.341667 27.0 26.75 26.658333 26.591667 24.875 23.5 21.5 18.25 17.25 16.75 15.75 14.908333 14.841667 14.625 14.75 14.841667 15.158333 15.5 16.841667 16.908333 17.091667 16.841667 16.658333 16.5 16.375 16.408333 16.5 16.658333 16.908333 17.841667 18.125 20.75 21.75 23.0 24.0 24.5 25.125 25.625 26.0 26.5 27.625 27.591667 27.408333 27.341667 26.658333 26.591667 
height:14.2 26.408333 26.375 26.408333 26.5 26.75 26.908333 27.0 27.25 27.408333 27.625 26.591667 24.875 23.5 21.5 18.25 17.125 15.75 15.591667 15.158333 14.625 14.75 14.841667 14.908333 15.5 15.908333 16.0 16.125 16.341667 17.091667 17.125 17.0 16.841667 16.658333 16.591667 16.408333 16.375 16.408333 16.5 16.658333 16.908333 17.5 17.658333 18.25 20.0 20.25 20.625 21.25 23.25 24.25 24.625 25.0 26.0 26.25 26.375 26.591667 27.5 27.625 27.591667 27.408333 27.341667 26.658333 26.591667 
height:14.4 17.0 16.375 16.5 16.658333 17.158333 18.375 18.875 19.25 19.875 21.25 22.5 22.75 24.25 24.75 25.375 25.841667 25.908333 26.591667 27.625 27.591667 26.658333 26.375 26.408333 26.5 26.75 26.908333 27.591667 27.625 26.591667 25.658333 25.5 25.125 24.0 22.75 22.0 21.5 18.75 17.75 17.125 15.75 14.908333 14.841667 14.625 14.75 14.841667 15.158333 15.5 15.908333 16.591667 17.091667 17.125 
height:14.6 19.75 18.5 20.0 20.375 21.0 22.75 24.5 25.5 26.341667 26.5 26.841667 26.908333 27.591667 27.658333 27.825 27.625 27.591667 27.158333 27.091667 26.658333 26.25 26.175 26.25 26.408333 26.5 26.75 26.908333 27.0 27.625 27.5 27.341667 27.0 26.591667 25.908333 25.625 24.375 24.0 22.75 22.0 21.5 18.75 17.75 17.125 15.75 14.908333 14.841667 14.625 14.75 14.841667 15.158333 15.5 16.5 17.091667 17.125 17.0 16.841667 16.658333 16.5 16.408333 16.591667 16.658333 17.158333 
height:14.8 17.091667 16.875 16.75 16.658333 16.5 16.341667 16.125 15.875 15.75 14.908333 14.841667 14.75 14.625 14.841667 14.908333 15.75 17.125 17.75 18.75 21.5 22.0 22.75 24.0 24.375 25.625 25.908333 26.591667 27.0 27.408333 27.591667 27.625 26.25 26.158333 26.125 26.341667 26.408333 27.091667 27.591667 27.658333 27.875 27.658333 27.591667 26.591667 25.125 24.0 23.375 23.25 22.0 20.25 18.0 17.75 16.908333 16.75 16.591667 16.5 16.425 16.591667 16.658333 16.841667 16.908333 17.091667 17.158333 17.341667 17.341667 17.158333 
height:15.0 27.591667 26.908333 26.841667 26.5 26.341667 25.25 23.5 22.5 22.25 20.875 19.0 17.875 17.5 16.908333 16.625 16.625 16.75 17.25 17.408333 17.591667 17.591667 17.158333 17.091667 16.658333 16.341667 15.658333 15.25 14.908333 14.841667 14.75 14.625 15.158333 16.0 17.125 17.75 18.75 21.5 22.0 22.75 24.5 24.875 25.25 26.091667 27.091667 27.158333 27.591667 27.625 27.0 26.908333 26.841667 26.25 25.908333 25.875 25.908333 26.341667 26.408333 26.841667 26.908333 27.591667 27.875 27.658333 
height:15.2 26.25 26.125 26.408333 26.591667 27.25 27.625 27.591667 27.408333 27.0 26.341667 25.25 24.875 24.5 23.5 22.0 21.75 18.75 17.75 17.25 16.0 15.591667 15.158333 14.625 14.75 14.841667 15.0 15.408333 16.591667 17.158333 17.841667 17.841667 17.408333 17.341667 17.158333 16.625 16.625 16.908333 17.25 17.408333 18.25 20.0 20.25 20.625 21.25 21.75 22.0 22.75 24.5 25.125 26.591667 27.591667 27.658333 27.875 27.591667 26.841667 26.158333 26.0 25.75 25.175 25.658333 26.091667 
height:15.4 17.158333 16.841667 16.658333 16.625 16.908333 17.341667 17.5 18.375 18.75 19.25 19.875 21.125 21.75 23.25 24.25 25.375 26.591667 27.591667 27.658333 27.875 27.841667 27.75 27.591667 26.591667 26.158333 26.0 25.625 25.158333 25.125 25.158333 26.091667 26.591667 26.658333 27.25 27.625 27.591667 27.158333 26.841667 26.408333 26.341667 25.25 24.875 24.5 22.75 22.0 21.5 18.5 17.0 16.0 14.908333 14.841667 14.625 14.75 14.841667 14.908333 15.408333 15.75 15.908333 16.5 17.25 17.875 18.325 17.658333 17.341667 
height:15.6 26.5 26.375 26.125 26.0 25.908333 25.75 24.908333 25.158333 25.75 26.25 26.591667 26.908333 27.591667 27.591667 26.591667 25.25 24.875 24.625 22.75 22.0 21.5 19.0 18.0 16.75 16.5 15.658333 15.158333 14.625 14.75 14.841667 14.908333 15.408333 15.75 15.908333 16.5 17.5 18.341667 18.341667 17.658333 17.341667 17.158333 16.841667 16.658333 16.625 16.908333 17.25 17.408333 18.5 19.75 20.0 20.375 20.875 21.5 23.5 24.5 25.75 26.0 26.841667 27.591667 27.658333 27.875 27.841667 27.75 27.591667 27.375 27.25 27.091667 27.0 26.75 26.591667 
height:15.8 16.5 16.75 15.658333 15.158333 15.0 14.841667 14.658333 14.625 14.75 14.841667 14.908333 15.591667 15.908333 16.75 16.908333 18.341667 18.341667 18.0 17.408333 17.341667 16.908333 16.841667 16.658333 16.625 16.908333 17.75 18.625 20.25 20.875 21.5 22.5 24.25 25.375 26.591667 27.0 27.591667 27.658333 27.875 27.841667 27.75 27.591667 26.841667 26.408333 26.0 25.125 24.675 24.908333 25.841667 26.0 26.341667 27.591667 27.591667 26.591667 25.25 24.875 24.625 22.75 22.0 21.5 19.0 18.0 
height:16.0 22.25 21.25 20.625 19.0 17.158333 16.658333 16.658333 16.841667 16.875 17.0 17.591667 17.658333 18.341667 18.408333 18.575 17.658333 17.5 17.0 16.75 16.158333 15.5 15.158333 14.841667 14.75 14.658333 14.841667 14.908333 15.341667 15.408333 15.75 17.375 18.0 19.0 21.25 21.75 22.5 22.75 23.5 25.375 26.591667 27.0 27.158333 27.591667 27.591667 26.341667 26.0 25.75 25.25 24.908333 24.425 24.75 26.0 26.158333 26.25 26.841667 27.25 27.375 27.591667 27.658333 27.875 27.875 27.75 27.591667 26.908333 26.5 25.75 24.5 23.625 23.25 
height:16.2 14.625 14.841667 14.908333 16.0 17.375 18.0 19.0 21.25 21.75 22.5 22.75 23.5 25.375 26.591667 27.0 27.158333 27.591667 27.591667 26.908333 26.75 26.341667 25.75 25.591667 25.25 24.75 24.408333 24.408333 24.75 25.0 25.158333 26.0 26.158333 26.841667 26.908333 27.591667 27.658333 27.841667 27.875 27.75 27.591667 26.841667 25.375 24.75 23.75 21.75 20.625 20.0 18.875 17.5 17.341667 16.908333 16.75 16.625 16.841667 16.908333 17.5 17.658333 18.341667 18.5 18.591667 17.5 17.158333 17.0 16.408333 16.25 15.658333 15.5 15.158333 15.0 14.841667 14.75 
height:16.4 24.875 25.375 24.5 22.5 21.75 21.25 19.25 18.75 18.0 17.375 15.908333 14.908333 14.841667 14.625 14.75 14.841667 14.908333 15.658333 16.5 16.658333 18.591667 18.591667 18.0 17.658333 17.591667 16.908333 16.841667 16.625 16.908333 18.0 18.375 19.0 21.0 21.625 22.75 23.0 25.0 25.5 25.875 26.5 26.658333 27.091667 27.591667 27.75 27.875 27.875 27.658333 27.591667 27.375 27.25 26.841667 26.25 26.158333 26.0 25.5 25.158333 25.0 24.5 24.175 24.75 26.341667 26.75 26.908333 27.591667 27.591667 27.158333 27.0 26.591667 
height:16.6 17.658333 17.591667 17.658333 18.341667 18.408333 18.591667 18.341667 18.0 17.841667 17.5 17.0 16.841667 16.0 15.75 15.408333 15.091667 15.0 14.908333 16.0 17.375 18.0 18.75 19.25 21.25 21.75 22.5 24.5 24.875 25.375 26.591667 27.341667 27.658333 27.841667 27.591667 26.908333 26.591667 26.158333 26.0 25.125 24.658333 24.175 24.75 24.908333 25.375 25.841667 25.908333 27.091667 27.5 27.658333 27.841667 27.875 27.75 27.591667 27.341667 27.0 26.341667 26.0 25.25 24.75 23.75 22.5 20.75 19.25 18.5 18.125 16.908333 16.908333 
height:16.8 27.591667 27.658333 27.591667 27.375 27.25 27.158333 27.0 26.841667 26.0 25.908333 25.0 24.841667 24.158333 24.158333 24.5 24.658333 25.125 26.0 26.158333 26.591667 27.841667 27.875 27.75 27.591667 26.591667 25.375 24.875 24.5 22.5 21.5 21.0 19.25 18.75 18.0 17.625 17.25 16.25 15.408333 14.875 15.0 15.091667 15.158333 16.0 16.841667 17.0 17.375 17.75 18.591667 18.591667 18.408333 18.341667 17.658333 17.25 16.875 16.908333 17.408333 18.375 18.875 19.0 19.25 21.25 22.25 24.0 25.0 25.625 26.841667 27.5 27.875 27.875 
height:17.0 27.591667 27.408333 27.25 27.091667 26.75 26.591667 26.5 26.375 26.125 26.0 25.908333 25.75 24.75 24.591667 24.158333 24.25 24.5 25.5 25.658333 26.591667 27.841667 27.841667 27.75 27.591667 26.591667 25.375 24.875 24.5 22.5 21.5 21.0 19.25 18.25 17.25 16.25 15.158333 14.875 15.0 15.091667 15.408333 15.75 16.0 17.0 17.158333 17.5 18.591667 18.591667 18.408333 18.341667 17.658333 17.25 16.875 16.908333 17.658333 18.625 20.125 20.25 20.5 21.0 22.75 23.5 23.625 25.25 26.591667 27.591667 27.875 27.875 
height:17.2 27.25 27.5 27.625 27.658333 27.841667 27.875 27.75 27.591667 27.158333 27.0 26.591667 25.658333 25.5 24.5 24.125 24.25 26.5 27.25 27.375 27.591667 27.658333 27.875 27.875 27.75 27.591667 26.75 25.75 24.75 23.75 22.5 21.625 21.0 19.375 18.625 17.908333 17.75 17.408333 16.908333 16.875 17.158333 17.5 17.658333 18.591667 18.591667 16.0 15.091667 15.0 14.875 15.408333 16.0 16.591667 16.75 17.25 18.25 19.0 19.5 21.0 21.5 22.5 24.5 24.875 25.375 26.841667 26.908333 
height:17.4 27.25 27.5 27.625 27.658333 27.841667 27.875 27.75 27.591667 27.158333 27.0 26.591667 25.658333 25.591667 25.125 24.5 24.125 24.158333 24.5 24.75 25.25 25.591667 25.658333 26.841667 27.591667 27.875 27.875 27.75 27.591667 26.841667 26.375 25.25 24.25 22.5 21.5 20.875 20.5 20.25 20.0 19.875 18.875 17.908333 17.75 17.408333 16.908333 16.908333 17.0 17.158333 17.5 17.658333 18.591667 18.841667 18.5 16.158333 15.158333 15.091667 15.0 14.875 15.408333 15.908333 16.75 16.908333 18.25 19.0 19.5 21.0 21.5 22.5 24.5 24.875 25.375 26.841667 26.908333 
height:17.6 18.25 19.0 19.5 21.0 21.5 22.25 22.5 23.25 24.625 24.875 25.25 26.841667 27.5 27.658333 27.841667 27.841667 26.591667 24.5 23.925 24.5 26.591667 27.591667 27.875 27.875 27.591667 27.0 26.408333 26.341667 25.5 24.875 24.0 23.75 22.75 19.75 19.375 19.0 17.908333 17.158333 17.0 16.875 17.341667 17.408333 17.841667 17.908333 18.341667 18.408333 18.841667 18.841667 18.5 16.5 16.25 15.658333 15.158333 15.091667 15.0 14.908333 15.591667 15.658333 16.0 17.625 
height:17.8 22.5 19.25 17.908333 17.158333 17.091667 16.925 17.091667 17.158333 17.341667 17.408333 17.75 17.908333 18.341667 18.408333 18.841667 18.841667 18.5 16.658333 16.5 15.658333 15.158333 15.091667 15.0 14.908333 15.591667 15.658333 16.0 16.25 17.625 18.25 19.125 20.5 20.75 21.0 22.375 23.25 24.625 24.875 25.25 26.841667 27.25 27.658333 27.841667 27.841667 26.591667 24.5 23.925 24.408333 24.75 25.0 25.158333 26.0 26.158333 26.25 26.841667 27.25 27.375 27.591667 27.875 27.875 27.591667 27.091667 26.375 25.25 24.25 
height:18.0 15.341667 15.408333 16.25 17.5 17.875 18.25 19.5 19.625 20.25 20.75 22.375 23.25 24.125 24.5 25.25 26.841667 27.591667 27.658333 27.841667 27.841667 26.591667 24.5 23.925 24.5 26.841667 27.5 27.875 27.875 27.591667 26.75 25.5 24.5 22.25 21.0 20.0 19.5 19.125 17.908333 17.158333 17.125 17.658333 18.341667 18.408333 18.841667 18.841667 18.5 17.0 16.841667 16.0 15.841667 15.408333 15.091667 15.0 14.875 
height:18.2 22.375 20.5 23.25 25.25 26.841667 27.591667 27.658333 27.841667 27.841667 26.591667 24.5 23.925 24.158333 25.0 25.158333 25.5 26.5 27.0 27.591667 27.875 27.875 27.75 27.591667 27.341667 25.875 25.25 23.5 23.125 22.0 19.25 17.908333 17.158333 17.125 17.658333 18.591667 18.658333 18.841667 18.841667 18.5 17.158333 17.0 16.75 15.908333 15.158333 15.091667 15.0 14.908333 15.0 15.091667 15.158333 15.908333 16.25 16.408333 17.375 18.5 20.0 20.25 
height:18.4 18.841667 19.075 18.408333 18.25 15.908333 15.158333 15.091667 15.0 14.875 15.091667 15.158333 15.908333 17.375 18.5 22.0 23.75 26.0 26.158333 26.841667 27.591667 27.658333 27.841667 27.841667 26.591667 24.408333 24.158333 24.125 24.25 25.375 26.0 26.158333 26.25 26.841667 27.25 27.375 27.591667 27.875 27.875 27.591667 27.091667 26.125 25.5 24.5 23.0 22.0 21.375 20.875 20.25 20.0 19.875 19.5 17.908333 17.408333 17.158333 17.25 17.658333 18.591667 18.75 18.908333 
height:18.6 26.341667 25.75 26.341667 26.408333 26.75 27.5 27.841667 26.591667 24.408333 24.158333 24.125 24.25 24.75 24.908333 25.25 26.75 27.25 27.591667 27.875 27.875 27.591667 26.75 26.25 25.25 22.75 21.75 19.625 17.908333 17.408333 17.408333 17.5 17.658333 18.591667 18.658333 19.091667 19.091667 18.0 15.908333 15.158333 15.091667 15.0 14.925 15.0 15.158333 15.591667 15.658333 17.0 17.375 18.0 18.5 22.25 23.25 23.75 
height:18.8 26.591667 26.908333 24.408333 24.0 23.925 24.25 24.5 24.658333 25.125 25.5 26.75 27.25 27.591667 27.658333 27.841667 27.908333 28.125 27.908333 27.841667 27.341667 26.5 26.25 24.25 23.25 23.0 22.25 19.75 17.908333 17.408333 17.408333 17.5 17.908333 18.341667 18.408333 18.841667 18.908333 19.091667 19.091667 18.091667 16.158333 16.0 15.658333 15.341667 15.25 15.125 15.658333 16.25 18.0 19.0 22.25 23.25 23.75 25.75 26.591667 27.841667 27.841667 27.5 
height:19.0 27.341667 27.408333 27.841667 27.841667 27.5 26.908333 26.591667 24.408333 24.341667 23.875 24.0 25.25 25.625 26.091667 26.25 26.591667 26.908333 27.25 27.841667 27.908333 28.091667 28.091667 27.908333 27.841667 27.658333 27.591667 27.25 26.0 25.0 23.25 21.5 20.625 19.625 17.908333 17.75 17.591667 17.5 17.408333 17.408333 17.5 17.625 17.658333 17.75 17.908333 18.25 19.091667 19.091667 18.875 18.75 18.625 18.408333 18.25 18.158333 18.0 17.75 17.375 17.25 17.158333 17.0 16.625 16.5 16.408333 16.25 15.875 15.75 15.658333 15.341667 15.25 15.125 15.658333 16.5 18.0 19.0 22.25 23.25 23.75 25.75 26.591667 27.0 
height:19.2 28.091667 27.908333 27.841667 27.341667 26.908333 26.75 25.125 24.658333 24.5 23.908333 23.875 24.5 26.591667 26.908333 27.5 27.841667 27.841667 27.658333 27.591667 26.908333 26.591667 25.75 23.75 23.25 22.25 19.25 18.25 17.625 16.5 15.658333 15.591667 15.125 15.25 15.341667 15.658333 16.25 17.25 17.75 18.091667 18.158333 18.841667 19.341667 19.341667 19.0 18.875 18.841667 17.658333 17.5 17.408333 17.408333 17.5 17.591667 17.75 17.908333 18.5 18.875 19.25 20.0 22.0 22.625 23.75 23.875 24.25 25.75 26.375 26.75 27.591667 27.658333 27.841667 27.908333 28.091667 
height:19.4 16.25 17.25 15.658333 15.5 15.408333 15.341667 15.25 15.158333 15.25 15.908333 17.375 18.25 19.25 21.75 22.25 23.0 25.75 26.591667 26.908333 27.25 27.841667 27.841667 27.091667 26.658333 26.5 24.875 24.408333 24.341667 23.908333 23.841667 23.675 24.875 25.25 26.75 27.25 27.591667 27.908333 28.091667 28.125 27.908333 27.841667 27.341667 26.125 25.5 23.25 22.5 21.25 21.0 20.875 20.75 19.875 19.25 18.875 18.5 17.908333 17.75 17.591667 17.5 17.375 17.591667 17.658333 19.091667 19.158333 19.591667 19.591667 19.0 18.75 18.408333 18.158333 18.091667 17.75 
height:19.6 16.25 17.25 15.658333 15.5 15.408333 15.341667 15.25 15.125 15.158333 15.341667 15.5 15.658333 16.75 18.25 19.25 21.75 22.25 23.0 25.75 26.591667 27.591667 27.908333 28.091667 27.908333 27.841667 27.0 26.658333 26.591667 24.875 24.408333 24.341667 23.908333 23.625 23.75 24.25 24.408333 25.625 26.841667 27.25 27.591667 27.908333 28.091667 28.125 28.0 27.841667 27.658333 27.591667 27.25 26.0 23.5 21.75 20.625 19.125 18.158333 17.658333 17.658333 17.841667 17.908333 18.591667 18.908333 19.591667 19.591667 18.658333 18.25 
height:19.8 28.091667 27.908333 27.841667 26.75 25.0 24.625 23.5 23.408333 24.0 24.408333 25.5 25.658333 26.75 27.841667 28.091667 27.908333 27.591667 26.591667 25.75 23.0 22.25 21.75 19.5 19.125 18.25 16.5 15.658333 15.591667 15.408333 15.341667 15.158333 15.125 15.25 15.341667 15.408333 15.75 17.091667 17.25 18.341667 18.408333 19.0 19.158333 19.75 20.325 20.091667 19.75 19.341667 18.908333 17.658333 17.658333 18.158333 18.5 18.658333 19.375 20.625 21.0 21.625 23.0 23.25 23.75 24.0 25.25 26.25 27.341667 27.841667 27.908333 28.125 
height:20.0 27.091667 27.0 26.75 26.5 24.5 24.125 23.25 22.675 23.341667 23.408333 24.0 24.25 25.5 25.658333 26.75 27.841667 28.0 28.091667 27.908333 27.591667 26.591667 25.75 23.0 22.25 21.75 19.5 18.5 17.875 16.5 16.341667 15.908333 15.375 15.25 15.158333 15.25 15.341667 15.658333 16.25 17.0 17.5 18.25 18.658333 19.25 20.75 21.0 22.075 21.0 20.5 20.25 19.75 17.908333 17.625 17.625 18.158333 18.5 18.658333 19.375 21.5 22.125 23.5 25.75 26.375 27.25 27.841667 27.908333 28.125 28.091667 27.908333 27.841667 
height:20.2 18.5 17.875 17.0 16.158333 15.658333 15.5 15.408333 15.341667 15.125 15.25 15.341667 15.408333 15.5 15.658333 15.75 15.875 16.25 16.408333 16.658333 16.875 17.0 17.125 17.375 18.25 18.5 19.0 19.625 21.0 22.5 23.25 23.875 24.375 25.591667 25.75 26.0 26.841667 27.841667 28.0 28.091667 27.908333 27.591667 26.591667 25.75 23.75 23.0 22.75 22.0 21.5 19.75 19.25 
height:20.2 26.25 25.25 23.875 23.25 22.25 21.25 19.75 19.5 19.158333 18.25 17.908333 17.625 17.75 17.841667 17.908333 18.75 19.75 20.125 20.5 23.25 26.25 27.341667 27.841667 27.908333 28.125 28.125 28.0 27.841667 26.591667 
height:20.4 24.75 23.25 20.75 20.125 19.75 18.75 17.908333 17.841667 17.75 17.658333 18.658333 19.591667 19.75 20.0 20.125 20.375 21.0 22.0 23.25 23.625 24.75 25.375 25.75 26.841667 27.591667 27.908333 28.091667 28.125 27.591667 26.25 25.0 
height:20.4 18.25 18.0 17.75 17.5 16.75 16.341667 15.658333 15.591667 15.5 15.375 15.591667 15.658333 16.75 17.75 18.625 19.5 19.75 21.75 22.0 22.75 23.0 23.75 25.25 25.625 26.0 26.591667 26.658333 27.0 27.841667 27.908333 28.125 28.091667 27.908333 27.591667 27.158333 26.841667 25.908333 25.75 25.375 24.375 24.0 23.625 22.75 22.375 22.0 21.0 20.25 19.25 19.0 18.75 18.5 18.341667 
height:20.6 25.0 24.5 25.375 25.625 25.75 26.0 26.158333 26.75 27.158333 27.25 27.375 27.591667 27.908333 28.091667 28.091667 27.658333 27.591667 26.341667 26.125 24.25 22.875 22.75 21.625 21.5 20.0 19.75 18.625 18.25 17.625 17.0 16.841667 15.908333 15.375 15.5 15.591667 15.658333 16.0 16.75 17.5 18.25 18.5 19.5 20.75 21.25 22.25 22.5 23.375 23.75 
height:20.6 17.908333 18.75 19.75 20.125 20.75 22.25 22.75 23.0 24.0 24.25 25.5 26.5 27.341667 27.841667 27.908333 28.125 28.091667 27.908333 27.591667 26.841667 25.875 24.0 23.0 22.0 21.75 20.75 19.408333 17.908333 17.625 17.75 17.841667 
height:20.8 25.75 24.5 26.125 26.841667 27.25 27.591667 27.908333 28.091667 28.125 27.591667 26.25 24.25 23.875 22.75 20.75 20.375 20.0 18.75 18.25 17.908333 17.841667 17.75 17.625 17.75 17.908333 18.25 18.908333 19.25 19.5 20.625 21.25 23.5 
height:20.8 16.5 16.341667 18.25 18.875 20.0 20.125 20.5 22.75 23.0 24.375 25.25 26.341667 27.591667 27.658333 28.091667 28.091667 27.908333 27.591667 27.0 26.5 25.375 24.5 23.75 23.0 20.0 18.5 18.0 17.625 16.75 16.0 15.658333 15.591667 15.5 15.375 15.908333 
height:21.0 23.75 22.75 20.25 18.875 18.5 18.0 17.625 16.75 16.0 15.658333 15.591667 15.5 15.375 15.591667 15.658333 16.75 18.25 18.75 19.0 20.75 21.25 21.5 22.75 23.0 24.375 24.5 24.75 25.25 26.841667 27.591667 27.658333 28.091667 28.091667 27.908333 27.591667 27.0 26.5 25.375 24.5 24.25 
height:21.0 28.091667 28.125 27.75 27.341667 26.875 26.25 23.75 23.5 22.0 21.5 21.0 20.375 20.0 18.658333 18.25 17.908333 17.841667 17.75 17.75 17.908333 18.658333 19.0 19.75 20.375 21.0 21.75 22.25 23.5 24.875 25.0 25.25 26.0 26.841667 27.841667 27.908333 
height:21.2 27.341667 27.408333 28.091667 28.091667 27.908333 27.591667 26.5 25.375 24.875 24.25 23.75 22.75 20.0 18.5 18.125 17.75 16.5 15.658333 15.591667 15.5 15.375 15.908333 16.75 17.625 18.0 18.5 19.5 22.25 22.625 23.5 25.5 26.841667 27.0 
height:21.2 18.75 20.125 18.75 18.0 17.908333 18.908333 19.5 19.75 21.0 21.75 24.0 25.0 26.375 26.591667 27.841667 28.0 28.125 28.091667 27.908333 27.841667 27.5 27.341667 26.75 26.0 24.0 23.625 22.5 21.0 20.75 20.625 
height:21.4 18.25 17.625 19.25 22.25 24.0 25.625 26.841667 27.5 27.908333 28.091667 28.091667 27.908333 27.591667 26.5 25.375 24.875 24.25 23.75 22.75 20.0 18.5 18.125 17.0 15.658333 15.591667 15.5 15.375 15.908333 17.125 
height:21.4 27.091667 27.841667 27.908333 28.091667 28.125 27.591667 26.5 25.25 24.75 23.5 23.25 22.5 21.0 20.625 20.125 18.75 18.091667 18.0 17.908333 18.658333 19.341667 19.5 20.375 21.5 23.0 23.25 23.5 24.25 24.75 25.375 25.875 
height:21.6 24.375 25.0 26.125 26.591667 27.591667 27.658333 28.091667 28.091667 27.908333 27.841667 26.841667 25.125 24.75 24.25 23.0 21.5 21.25 21.0 19.75 19.5 19.0 17.875 17.0 15.658333 15.591667 15.5 15.375 15.591667 15.658333 16.5 18.25 18.625 20.0 22.25 22.375 22.5 23.25 23.875 
height:21.6 27.091667 27.841667 27.908333 28.091667 28.125 27.75 27.341667 26.25 25.0 24.5 23.25 23.0 22.25 21.75 21.25 20.375 18.75 18.091667 18.0 17.908333 18.908333 20.375 21.0 22.25 22.5 23.5 23.625 25.75 
height:21.8 25.75 26.591667 23.25 22.25 22.0 20.0 19.75 19.0 18.0 16.75 15.908333 15.375 15.5 15.591667 15.658333 16.25 16.658333 17.5 17.875 18.25 19.625 21.0 21.25 21.75 23.0 24.25 24.75 25.125 26.841667 27.841667 27.908333 28.091667 28.091667 27.658333 27.591667 26.908333 
height:21.8 18.341667 18.408333 18.75 20.75 21.25 23.5 23.625 25.5 26.125 26.841667 27.591667 27.658333 28.091667 28.125 27.591667 26.75 26.0 24.25 24.0 23.125 23.0 22.25 21.25 20.75 20.375 18.75 18.091667 18.0 17.908333 
height:22.0 20.75 18.75 22.25 22.875 24.0 24.25 26.0 26.75 27.591667 28.125 28.091667 27.658333 27.591667 26.841667 26.0 25.5 24.625 24.5 22.25 21.75 21.0 20.0 18.658333 17.908333 18.0 18.091667 18.158333 
height:22.0 17.0 18.5 17.0 16.841667 15.908333 15.5 15.591667 15.658333 16.658333 17.5 17.875 18.25 18.75 19.75 21.125 21.75 23.75 24.75 26.841667 27.841667 27.908333 28.091667 28.091667 27.908333 27.841667 27.408333 27.341667 26.408333 26.341667 26.0 25.25 23.0 21.875 20.5 20.0 18.875 
height:22.2 24.375 25.25 24.25 22.5 22.125 21.25 19.875 18.658333 17.908333 18.0 18.091667 18.75 20.625 21.625 22.0 22.75 22.875 23.875 25.0 25.25 26.5 27.591667 28.125 28.091667 27.658333 27.591667 27.25 26.841667 26.25 
height:22.2 27.908333 28.125 27.841667 26.841667 26.0 25.75 25.125 24.5 24.0 22.5 22.25 21.0 20.625 20.5 19.375 18.75 17.75 16.75 15.658333 15.591667 15.5 15.375 15.591667 15.658333 16.5 18.125 19.25 20.75 20.875 21.25 21.5 22.75 23.625 24.75 25.25 26.591667 26.658333 27.0 28.091667 
height:22.4 15.658333 16.158333 17.0 17.875 19.5 22.75 25.5 26.591667 26.908333 27.591667 27.658333 28.091667 28.0 27.841667 27.5 27.158333 26.841667 26.0 25.75 25.125 24.5 24.0 23.5 22.5 20.75 19.375 19.25 18.5 18.0 16.908333 16.25 15.908333 15.591667 15.5 15.408333 15.591667 
height:22.4 20.75 18.658333 18.158333 18.091667 18.0 17.908333 18.5 18.658333 20.625 21.25 22.75 23.25 23.75 25.25 25.875 27.091667 27.25 27.591667 27.658333 28.091667 28.158333 28.325 28.125 28.125 27.341667 26.0 25.0 24.75 24.0 23.75 22.75 22.5 22.0 
height:22.6 26.591667 26.125 26.591667 26.908333 27.25 27.375 27.408333 27.841667 28.091667 27.908333 27.158333 26.591667 26.158333 26.0 25.375 24.875 24.5 23.625 22.5 20.25 20.0 18.5 17.5 16.75 16.25 15.658333 15.591667 15.5 15.375 15.908333 16.25 16.75 17.625 18.0 18.5 20.0 22.5 24.375 25.0 25.75 
height:22.6 28.125 28.091667 27.658333 27.591667 27.0 26.625 26.25 25.0 24.75 22.75 22.5 22.0 20.75 18.658333 18.158333 18.091667 18.0 17.908333 18.0 18.158333 18.908333 20.125 21.5 25.0 26.125 27.091667 28.091667 28.158333 28.25 28.341667 
height:22.8 22.0 24.75 22.0 19.5 19.25 18.658333 18.158333 18.25 18.341667 18.75 21.0 22.5 23.25 23.5 24.625 25.0 26.25 26.75 27.125 27.591667 27.841667 28.125 28.158333 28.375 28.25 27.841667 27.091667 26.0 
height:22.8 15.591667 15.658333 16.658333 17.625 18.25 21.25 22.25 23.0 24.25 24.75 25.125 26.5 26.908333 27.25 27.841667 27.908333 28.091667 27.908333 27.841667 26.591667 25.25 23.25 22.375 22.0 20.25 19.25 18.125 16.5 15.658333 15.591667 15.375 15.5 
height:23.0 18.408333 18.658333 19.5 19.591667 19.75 20.75 22.0 24.5 24.625 25.5 26.0 26.375 26.841667 27.841667 28.25 28.375 28.125 28.091667 27.591667 26.75 26.25 24.75 21.75 21.25 20.875 18.75 18.341667 18.25 18.125 
height:23.0 15.591667 15.658333 16.158333 17.0 17.75 20.75 22.25 23.25 23.75 24.875 26.5 26.908333 27.25 27.841667 27.908333 28.091667 27.841667 27.25 26.908333 26.591667 25.25 22.25 20.5 19.5 17.875 17.0 16.158333 15.658333 15.591667 15.408333 15.5 
height:23.2 26.841667 27.591667 24.75 23.375 22.25 20.25 19.25 18.75 17.0 16.25 15.908333 15.591667 15.5 15.375 15.908333 16.75 18.5 19.75 20.75 21.25 21.625 22.75 25.0 25.375 25.75 26.341667 27.841667 27.908333 28.075 27.908333 
height:23.2 26.5 27.5 28.091667 28.125 28.375 28.25 27.841667 26.841667 25.75 25.375 24.5 24.25 22.5 22.125 21.25 20.875 20.375 18.908333 18.158333 18.25 18.341667 18.658333 19.5 19.658333 19.75 20.125 21.0 21.375 21.75 23.125 24.0 24.25 
height:23.4 15.908333 16.25 15.908333 15.591667 15.5 15.908333 17.125 17.625 18.25 19.25 20.25 22.5 25.0 26.591667 26.658333 27.0 27.841667 27.841667 27.658333 27.591667 26.75 25.908333 25.625 25.125 24.5 24.0 23.5 22.75 20.25 19.25 18.625 18.0 17.375 16.658333 
height:23.4 26.5 27.5 28.091667 28.125 28.341667 28.158333 28.091667 27.658333 27.591667 27.158333 27.091667 26.375 25.25 23.75 23.25 23.0 21.5 20.375 18.908333 18.158333 18.25 18.341667 18.658333 19.25 19.5 21.25 22.25 24.0 24.25 
height:23.6 15.408333 15.5 15.658333 16.158333 16.591667 16.75 17.625 19.5 20.5 22.25 22.5 23.875 25.25 26.591667 27.841667 27.875 27.591667 26.841667 25.5 24.5 23.0 19.75 19.0 18.375 17.5 17.0 16.158333 15.658333 15.591667 15.5 
height:23.6 23.75 22.25 24.0 26.5 27.5 27.841667 28.125 28.158333 28.341667 28.158333 28.091667 27.658333 27.591667 27.158333 27.091667 26.125 25.0 21.5 20.125 18.908333 18.5 18.341667 18.158333 18.25 18.341667 18.658333 19.25 19.5 21.25 
height:23.8 23.75 22.25 24.0 26.5 27.591667 28.091667 28.125 28.325 28.158333 28.091667 27.658333 27.591667 26.375 25.25 24.25 21.75 19.875 19.5 18.658333 18.408333 18.25 18.158333 18.25 18.341667 18.658333 19.25 19.5 20.5 20.875 21.25 
height:23.8 16.75 18.5 15.658333 15.591667 15.375 15.5 15.591667 15.658333 16.408333 17.75 18.25 19.5 20.75 21.25 23.25 23.75 24.25 25.375 26.25 26.5 26.841667 27.841667 27.841667 27.5 26.75 26.408333 26.341667 25.75 25.375 25.0 23.625 22.25 22.0 20.5 
height:24.0 26.5 27.5 26.5 25.5 25.0 23.625 22.75 21.5 20.125 19.158333 18.408333 18.341667 18.25 18.125 18.341667 18.408333 18.908333 20.625 21.25 22.25 24.25 24.5 25.375 26.25 26.841667 27.841667 27.908333 28.0 28.158333 28.325 28.125 28.091667 27.908333 27.841667 
height:24.0 15.5 15.591667 15.5 15.908333 17.125 19.25 19.875 21.0 21.25 21.5 22.75 24.625 24.875 25.25 26.591667 27.841667 27.875 27.591667 26.5 24.875 23.25 22.375 22.0 20.5 20.25 18.75 17.25 17.0 16.841667 15.908333 
height:24.2 18.591667 18.408333 18.341667 18.25 18.158333 18.341667 18.408333 18.908333 20.375 21.5 22.0 22.25 23.5 23.875 25.0 26.625 26.841667 27.841667 27.908333 28.091667 28.125 27.591667 26.5 23.75 23.5 22.625 21.875 21.5 20.875 20.5 19.25 19.091667 18.658333 
height:24.2 18.875 17.625 19.25 20.0 20.5 22.0 22.375 23.25 25.5 26.341667 26.408333 26.75 27.5 27.841667 27.841667 27.5 26.5 24.875 23.875 23.5 22.75 22.25 20.25 20.0 19.25 17.25 16.75 16.591667 16.158333 15.658333 15.591667 15.5 15.375 15.591667 15.658333 16.75 
height:24.4 23.5 23.25 22.5 20.625 19.25 19.091667 18.658333 18.591667 18.408333 18.341667 18.25 18.25 18.408333 19.0 20.375 21.5 24.75 26.0 27.091667 27.158333 27.591667 27.658333 28.091667 28.125 27.75 27.341667 26.875 26.25 
height:24.4 15.5 15.591667 15.658333 16.158333 17.0 17.5 19.125 20.25 22.5 23.5 24.5 25.75 26.0 26.591667 27.841667 27.841667 26.591667 25.0 23.0 22.0 21.5 19.5 17.375 16.658333 16.5 16.158333 15.658333 15.5 15.408333 
height:24.6 16.5 17.875 16.5 16.341667 15.908333 15.5 15.591667 15.658333 16.408333 17.5 19.0 19.75 20.25 22.75 23.75 24.25 25.125 26.0 26.25 26.841667 26.908333 27.5 27.841667 27.875 27.75 27.591667 26.908333 26.875 26.75 26.408333 26.341667 25.25 22.75 20.25 19.25 
height:24.6 21.75 24.0 24.5 25.25 26.25 27.091667 28.091667 28.125 27.908333 27.841667 27.341667 27.0 26.25 23.25 23.0 21.75 21.25 20.875 18.908333 18.408333 18.341667 18.25 18.25 18.408333 19.0 20.25 20.625 21.0 21.5 
height:24.8 18.875 17.625 19.25 20.0 20.5 22.0 22.375 23.25 24.25 25.125 26.591667 27.841667 27.75 27.591667 26.908333 26.841667 26.5 26.25 25.125 23.25 22.0 21.5 21.0 19.75 17.5 16.75 15.908333 15.591667 15.5 15.375 15.908333 16.591667 16.75 
height:24.8 26.25 27.591667 28.125 28.091667 27.908333 27.841667 26.841667 26.25 25.75 23.75 22.0 20.25 19.0 18.408333 18.5 18.591667 18.658333 19.0 21.25 22.25 23.0 23.25 
height:25.0 27.591667 27.591667 27.591667 27.0 26.5 24.375 24.0 22.5 22.25 21.0 20.625 19.5 18.75 18.25 17.875 17.0 16.75 16.158333 15.658333 15.591667 15.5 15.408333 15.5 15.658333 16.158333 17.125 17.5 18.125 19.0 19.125 19.25 19.5 20.375 20.75 21.75 22.125 23.0 25.0 26.341667 26.408333 26.75 26.908333 
height:25.0 18.658333 18.375 18.658333 19.0 19.158333 21.25 23.0 23.5 24.75 24.875 26.25 27.341667 28.091667 28.091667 27.908333 27.75 27.341667 26.25 23.0 21.25 20.25 20.0 19.841667 19.0 18.658333 18.591667 18.5 
height:25.2 27.591667 27.591667 26.591667 24.875 22.75 19.75 17.875 16.5 16.341667 15.908333 15.375 15.5 15.591667 15.658333 16.158333 17.375 17.875 18.25 18.625 20.75 22.25 22.75 23.5 24.5 25.125 25.591667 25.658333 26.591667 27.0 27.158333 
height:25.2 20.5 21.25 20.125 19.0 18.658333 18.591667 18.5 18.375 18.658333 19.341667 19.625 20.0 20.625 21.25 24.25 24.75 25.5 26.125 27.091667 28.091667 28.091667 27.908333 27.75 27.341667 26.375 25.75 23.0 
height:25.4 27.591667 27.591667 27.158333 27.0 26.591667 25.375 24.875 24.25 23.75 22.75 20.5 18.75 17.625 16.25 15.658333 15.591667 15.5 15.375 15.908333 16.591667 16.75 17.625 18.375 20.0 22.0 23.0 25.0 26.341667 
height:25.4 26.0 27.341667 27.5 28.125 28.091667 27.658333 27.591667 26.841667 26.25 25.25 24.5 24.0 21.5 20.375 18.658333 18.375 18.5 18.591667 18.658333 19.0 19.591667 19.75 20.25 20.625 21.5 23.0 25.25 
height:25.6 27.591667 27.591667 27.158333 27.0 26.591667 26.158333 26.0 25.125 23.75 22.75 20.5 18.625 17.75 16.158333 15.658333 15.591667 15.5 15.408333 15.5 15.658333 16.158333 17.125 17.625 18.25 19.75 20.25 20.5 21.75 22.75 23.375 24.0 24.375 25.625 25.908333 26.591667 27.0 27.158333 
height:25.6 27.841667 27.908333 27.658333 27.591667 26.658333 26.591667 26.375 25.25 24.0 23.5 21.75 20.5 18.75 18.408333 18.5 18.591667 18.658333 19.408333 21.0 22.75 24.0 24.25 25.75 26.125 26.5 27.341667 27.5 28.125 28.125 
height:25.8 15.5 15.591667 15.5 15.908333 16.341667 16.5 17.875 19.25 20.25 22.5 23.125 23.75 25.0 26.341667 27.591667 27.591667 27.408333 26.841667 26.658333 26.5 25.125 23.25 22.375 22.0 21.25 21.0 20.125 18.75 17.75 16.158333 15.658333 
height:25.8 24.75 26.0 24.75 23.0 22.0 21.75 21.0 20.375 18.75 18.408333 18.5 18.591667 18.658333 19.158333 21.0 23.25 24.25 24.5 25.0 26.25 27.25 27.841667 27.908333 28.125 28.091667 27.908333 27.841667 27.091667 
height:26.0 27.841667 27.658333 27.841667 27.908333 28.125 27.908333 27.841667 27.0 26.5 25.625 25.0 24.5 24.25 23.25 23.0 22.25 21.25 18.908333 18.591667 18.5 18.408333 18.75 19.0 20.375 21.0 22.125 22.5 23.0 24.5 24.75 25.5 25.875 26.25 26.841667 27.591667 
height:26.0 15.5 15.591667 15.658333 16.158333 17.75 19.25 21.25 22.5 23.5 24.0 24.625 26.591667 27.25 27.408333 27.591667 27.591667 27.408333 27.091667 26.591667 25.375 24.625 23.0 22.0 20.5 19.5 18.5 17.875 17.375 16.658333 16.5 16.158333 15.658333 15.5 15.408333 
height:26.2 25.125 25.75 26.0 26.591667 26.841667 27.408333 27.591667 27.5 27.341667 26.908333 26.75 26.408333 26.341667 24.75 22.75 21.625 21.25 20.75 19.75 18.25 17.625 17.125 16.841667 16.158333 15.658333 15.591667 15.408333 15.5 15.591667 15.658333 16.158333 17.75 19.25 20.5 20.75 22.5 23.5 24.5 
height:26.2 27.0 27.841667 27.0 25.0 24.0 23.0 21.25 20.25 19.75 19.591667 18.908333 18.591667 18.5 18.408333 18.75 18.908333 20.125 21.25 24.0 24.5 25.25 25.875 27.091667 27.591667 27.908333 28.075 27.875 
height:26.4 27.341667 27.591667 27.158333 27.091667 26.091667 25.0 24.25 23.75 23.25 22.25 20.25 19.25 18.75 18.125 17.625 16.75 15.908333 15.75 15.658333 15.5 15.408333 15.5 15.591667 15.658333 15.841667 15.908333 16.25 17.625 20.5 23.0 24.5 24.875 25.25 26.0 26.841667 27.158333 
height:26.4 26.0 26.158333 26.625 27.091667 27.25 27.591667 27.658333 27.841667 27.841667 27.658333 27.591667 26.841667 26.0 25.0 24.0 23.5 21.25 20.125 19.0 18.75 18.408333 18.25 18.25 18.341667 18.408333 18.5 18.908333 19.591667 19.75 20.125 20.5 20.75 21.625 22.0 23.0 24.25 
height:26.6 25.125 26.0 25.125 22.375 22.0 21.25 21.0 19.75 17.75 16.908333 16.75 16.158333 16.0 15.841667 15.75 15.625 16.158333 16.5 16.658333 17.375 19.5 20.5 21.75 23.5 24.0 24.875 26.341667 26.5 26.841667 27.408333 27.591667 26.841667 
height:26.6 25.25 25.875 23.625 23.5 21.5 21.25 20.75 20.375 20.0 19.0 18.75 18.408333 18.25 18.25 18.341667 18.658333 19.5 20.625 22.5 24.25 25.375 25.625 27.25 27.841667 27.841667 27.091667 
height:26.8 23.25 22.25 24.75 25.25 26.591667 27.091667 27.158333 27.375 27.341667 27.158333 27.091667 26.091667 24.75 22.75 20.0 19.0 18.375 17.875 16.5 16.341667 15.908333 15.625 15.75 15.841667 16.0 16.25 16.75 17.0 18.125 18.5 19.0 19.625 20.125 20.25 21.0 21.25 
height:26.8 21.5 20.75 20.375 20.0 18.908333 18.75 18.408333 18.25 18.25 18.341667 18.658333 19.5 20.875 21.75 22.25 24.25 25.375 27.0 27.5 27.841667 27.841667 27.0 26.658333 26.591667 26.0 24.25 23.125 22.75 21.75 
height:27.0 26.591667 27.375 27.341667 27.158333 26.841667 26.591667 26.0 25.625 23.875 23.5 22.5 21.0 18.5 16.908333 15.908333 15.841667 15.75 15.625 16.158333 16.591667 16.75 17.625 18.875 19.25 20.25 22.5 24.5 24.875 25.375 
height:27.0 18.408333 18.341667 18.158333 18.25 18.341667 18.658333 19.158333 20.875 22.25 24.25 25.375 26.75 27.0 27.341667 27.841667 27.875 27.658333 27.591667 26.841667 25.75 24.0 22.5 22.25 22.0 21.0 19.75 19.0 18.75 
height:27.2 18.408333 18.341667 18.158333 18.25 18.341667 18.408333 18.5 18.908333 19.341667 19.5 20.375 20.75 22.0 23.0 23.25 23.375 24.5 25.0 25.375 26.75 27.0 27.341667 27.841667 27.875 27.75 27.591667 26.591667 26.0 25.0 23.625 23.5 21.0 19.75 19.0 18.75 
height:27.2 16.75 16.908333 16.408333 15.908333 15.841667 15.75 15.625 15.841667 15.908333 17.0 17.25 17.875 19.5 20.5 22.0 23.0 23.5 24.625 26.341667 26.5 26.841667 27.375 27.341667 27.158333 26.841667 26.091667 25.375 24.625 23.0 20.75 20.125 18.0 17.375 
height:27.4 25.125 26.25 25.125 24.25 23.25 20.75 16.658333 15.908333 15.841667 15.75 15.625 16.158333 17.0 17.875 19.75 20.75 21.25 21.625 22.75 24.75 26.091667 26.841667 26.908333 27.341667 27.375 27.158333 27.091667 
height:27.4 20.5 21.0 20.0 19.625 19.0 18.5 18.158333 18.25 18.341667 18.658333 18.75 18.908333 19.25 19.5 21.0 22.75 23.75 23.875 24.5 24.875 25.375 26.75 27.591667 27.658333 27.841667 27.75 27.591667 26.591667 25.75 24.75 24.25 23.25 21.25 
height:27.6 25.125 26.25 25.125 24.25 22.375 22.25 22.0 20.75 18.0 17.625 17.125 16.658333 16.158333 16.0 15.908333 15.841667 15.75 15.625 15.841667 15.908333 16.908333 17.375 17.75 18.5 18.875 19.25 19.75 20.0 22.5 24.5 24.875 25.375 26.591667 26.75 27.375 27.341667 27.158333 26.841667 
height:27.6 22.875 23.75 22.75 21.25 19.5 18.908333 18.75 18.5 18.158333 18.25 18.341667 18.658333 19.158333 19.75 20.125 20.5 21.125 22.25 24.0 25.125 26.75 27.158333 27.591667 27.591667 26.841667 25.625 25.0 24.375 
height:27.8 18.408333 19.375 18.408333 18.125 18.25 18.75 18.908333 20.375 20.75 21.5 22.0 22.25 24.25 24.875 26.5 27.591667 27.591667 27.408333 27.341667 26.408333 26.341667 25.25 24.125 23.5 22.75 22.25 20.75 
height:27.8 22.0 21.625 22.0 22.375 23.25 26.5 26.841667 27.158333 27.341667 27.375 26.75 26.591667 24.625 23.5 23.0 22.0 20.5 19.5 18.125 16.75 16.5 16.158333 15.875 16.0 16.091667 16.158333 16.75 18.0 20.5 
