height:0.0 26.125 26.5 26.625 26.875 27.625 29.25 30.0 30.125 31.25 31.75 32.5 34.5 35.0 35.375 36.25 36.625 38.091667 38.25 38.841667 39.125 39.091667 38.658333 38.591667 38.158333 37.841667 37.5 37.25 36.0 35.25 34.25 33.0 32.75 31.5 31.0 29.0 28.75 27.5 24.75 23.75 23.375 22.375 21.658333 21.591667 21.375 21.408333 21.841667 21.908333 22.125 22.25 22.5 22.658333 24.0 25.75 
height:0.2 26.125 26.5 26.625 26.875 27.625 29.25 30.0 30.125 31.25 31.75 32.5 34.5 35.0 35.375 36.25 36.625 38.091667 38.25 38.841667 39.125 39.091667 38.658333 38.591667 38.158333 37.841667 37.5 37.25 36.0 35.25 34.375 33.5 31.125 30.75 29.25 29.0 27.5 24.75 23.375 22.375 22.0 21.658333 21.375 21.658333 22.25 22.908333 23.125 23.25 24.0 25.75 
height:0.4 35.375 35.0 34.5 32.5 31.75 31.25 30.125 30.0 29.25 28.375 27.0 25.75 25.375 24.0 23.25 23.125 22.908333 22.25 21.658333 21.375 21.658333 22.0 22.375 23.375 24.75 27.0 27.625 28.25 28.5 29.0 29.25 30.5 31.0 32.625 33.5 33.75 34.25 34.75 36.25 37.341667 37.5 37.841667 38.158333 38.591667 38.658333 39.091667 39.125 38.841667 38.408333 38.25 36.625 36.25 
height:0.6 22.375 22.5 22.158333 22.091667 21.908333 21.841667 21.658333 21.375 21.658333 22.0 22.375 23.75 24.125 25.0 27.0 29.0 29.25 30.5 31.0 32.625 33.5 36.25 37.341667 37.5 37.841667 38.158333 38.591667 38.658333 39.091667 39.125 38.841667 38.408333 38.25 36.625 36.25 35.375 35.0 34.5 32.5 31.75 31.25 30.125 30.0 29.25 28.375 27.0 25.5 25.125 24.0 23.25 23.125 22.908333 22.75 
height:0.8 22.375 22.5 22.158333 22.091667 21.908333 21.841667 21.658333 21.375 21.408333 21.591667 21.658333 22.0 22.375 23.75 24.125 25.0 27.0 29.0 29.25 30.25 30.75 32.25 32.375 33.5 36.25 37.341667 37.5 37.841667 38.158333 38.591667 38.658333 39.091667 39.125 38.841667 38.408333 38.25 36.625 36.25 35.375 35.0 34.5 32.5 31.5 31.0 30.125 30.0 29.25 28.75 27.0 25.5 25.125 24.0 23.25 23.125 22.908333 22.75 
height:1.0 27.0 27.5 28.5 29.5 30.0 30.75 32.25 32.5 34.0 36.25 37.341667 38.841667 39.0 39.091667 39.25 39.375 39.158333 39.091667 38.591667 38.0 36.625 36.25 35.375 35.0 34.5 33.625 33.0 32.5 31.5 31.0 30.375 30.25 29.5 26.25 25.25 24.875 24.0 23.25 23.125 22.908333 22.75 22.5 22.375 22.158333 22.091667 21.908333 21.841667 21.658333 21.375 21.408333 21.591667 21.658333 22.0 22.375 24.0 24.375 25.0 
height:1.2 22.375 22.5 22.158333 22.091667 21.908333 21.841667 21.658333 21.375 21.658333 22.0 22.375 24.0 24.375 25.0 27.0 28.5 28.75 30.0 30.25 30.75 32.25 32.5 34.0 36.25 37.341667 37.5 38.25 38.841667 39.25 39.375 39.25 39.091667 38.5 36.375 36.0 35.25 34.875 34.625 32.25 31.5 31.0 30.625 30.5 29.5 27.5 27.125 26.125 24.0 23.25 23.125 22.908333 22.75 
height:1.4 24.5 24.341667 24.5 24.75 24.875 25.25 25.5 25.75 25.875 26.25 27.5 29.5 30.875 31.25 31.375 32.25 34.625 34.875 35.25 36.0 36.375 38.5 39.091667 39.375 39.375 38.841667 38.25 37.5 37.341667 36.25 34.0 32.5 32.25 28.75 28.5 27.0 25.0 24.375 24.0 22.375 22.0 21.658333 21.375 21.658333 22.158333 22.5 22.908333 23.341667 23.5 
height:1.6 27.625 27.875 29.5 31.0 31.125 31.25 31.375 32.25 33.0 33.5 34.5 34.875 36.0 38.5 38.75 39.091667 39.158333 39.375 39.375 38.841667 38.25 37.5 37.341667 36.25 36.0 35.625 34.125 33.25 32.25 31.75 28.75 28.5 27.0 25.0 24.375 24.0 22.375 22.0 21.658333 21.375 21.658333 23.408333 24.25 24.5 24.658333 24.75 25.125 26.0 26.375 26.75 27.125 27.5 
height:1.8 38.75 38.5 39.091667 39.158333 39.375 39.375 39.158333 39.091667 38.25 37.5 37.341667 36.25 36.0 35.625 34.125 33.25 32.0 31.5 29.0 28.75 27.875 27.75 27.0 25.0 24.375 23.875 21.908333 21.75 21.591667 21.408333 21.408333 22.158333 22.375 22.5 23.408333 25.875 29.25 29.375 32.25 33.5 34.5 35.75 36.125 
height:2.0 38.0 37.591667 36.25 36.0 35.625 34.125 33.25 32.0 31.5 29.0 28.75 27.875 27.75 27.0 25.0 24.375 23.875 21.908333 21.75 21.591667 21.408333 21.408333 21.591667 21.658333 22.158333 22.5 22.908333 23.5 23.75 25.875 28.625 29.0 29.5 29.625 32.25 33.5 34.5 35.75 36.125 38.75 39.091667 39.375 39.375 39.091667 38.341667 
height:2.2 28.75 28.25 28.0 27.75 26.5 25.0 24.375 23.875 21.908333 21.425 21.591667 21.658333 22.158333 22.5 22.908333 23.5 23.75 25.625 27.75 28.25 28.625 29.0 29.5 29.625 32.25 33.5 34.125 35.0 35.625 36.125 38.0 38.841667 39.091667 39.375 39.375 39.091667 38.658333 38.591667 37.75 37.591667 36.25 36.0 35.625 34.125 33.25 31.75 31.25 29.0 
height:2.4 21.908333 21.625 21.658333 22.158333 22.5 22.908333 24.25 25.375 25.75 27.25 29.5 29.625 32.25 33.5 34.125 35.0 35.375 35.875 38.75 39.341667 39.375 38.841667 37.5 36.25 36.0 35.625 34.125 33.25 31.75 31.25 29.25 29.0 28.5 28.25 26.5 25.0 24.625 24.125 
height:2.6 29.875 32.25 33.5 34.125 35.0 35.375 35.75 36.875 37.0 37.375 37.658333 38.125 38.5 39.341667 39.375 38.908333 38.841667 37.5 36.25 36.0 35.625 34.125 33.25 31.375 31.25 29.5 29.0 28.0 27.75 26.5 24.25 22.0 21.658333 21.625 21.908333 22.591667 23.0 23.375 23.5 23.591667 23.75 24.875 26.25 26.625 27.75 29.25 29.75 
height:2.8 22.0 21.658333 22.375 24.125 24.625 25.0 26.5 28.0 28.25 29.0 29.25 31.0 31.5 33.0 33.25 34.0 36.25 37.5 38.25 38.591667 39.091667 39.375 39.341667 38.375 35.75 35.375 35.0 34.125 33.5 32.25 29.875 29.75 29.25 28.875 27.0 26.625 26.25 24.875 23.75 23.591667 23.5 23.375 23.0 22.591667 21.908333 21.625 
height:3.0 29.75 33.0 29.25 28.25 28.0 26.5 24.25 22.0 21.658333 21.625 21.908333 22.591667 23.0 23.375 23.5 23.591667 23.75 24.875 26.25 28.875 29.25 29.75 29.875 32.25 33.5 34.125 35.0 35.5 35.875 36.75 37.125 38.375 39.341667 39.375 39.091667 38.25 37.25 36.25 34.0 33.25 
height:3.2 21.658333 22.0 24.25 26.0 26.625 27.25 27.5 28.0 28.25 29.5 30.0 30.75 31.25 33.0 33.25 34.625 36.0 37.841667 39.341667 39.408333 39.625 39.5 39.341667 38.75 36.625 36.25 35.0 32.0 30.125 30.0 29.5 26.25 25.25 24.875 23.75 23.591667 23.5 23.375 23.0 22.591667 21.908333 21.625 
height:3.4 39.408333 39.625 39.5 39.341667 39.0 38.75 36.625 36.25 35.0 34.0 32.75 32.0 31.75 30.125 30.0 29.5 28.5 28.0 26.75 26.0 24.625 23.75 23.591667 23.5 23.375 23.0 22.591667 21.908333 21.625 21.658333 22.0 24.25 26.0 26.625 27.25 27.5 28.0 28.25 29.75 30.25 31.0 33.0 33.25 34.625 36.0 37.841667 39.341667 
height:3.6 21.658333 22.0 24.375 27.25 28.25 28.375 30.0 30.25 30.75 32.5 34.5 36.0 37.75 37.908333 38.591667 38.908333 39.341667 39.408333 39.625 39.625 39.408333 39.341667 39.0 38.75 36.375 35.375 35.0 32.5 31.75 31.25 30.375 30.25 29.5 29.0 27.25 25.25 24.875 23.75 23.591667 23.5 23.375 23.0 22.591667 21.908333 21.625 
height:3.8 33.25 33.875 33.25 32.625 31.5 30.875 30.75 29.75 27.75 27.375 26.375 24.75 24.375 24.125 24.0 23.75 23.591667 23.5 23.375 23.0 22.591667 21.908333 21.841667 21.625 21.625 21.908333 24.5 26.0 26.625 27.25 28.25 28.75 32.5 34.5 36.0 38.0 38.25 38.591667 39.341667 39.408333 39.625 39.625 39.341667 39.0 36.25 35.375 34.5 
height:4.0 38.591667 38.25 38.0 36.0 34.5 32.5 29.0 28.5 27.25 26.5 25.25 24.875 24.5 21.908333 21.625 21.658333 21.841667 21.908333 22.341667 22.908333 23.5 23.75 25.375 27.875 28.25 28.75 29.125 29.5 29.625 32.5 32.625 33.125 34.5 35.5 36.625 38.0 38.375 39.341667 39.625 39.625 39.408333 39.341667 
height:4.2 25.5 26.25 29.75 29.875 32.25 32.375 34.5 34.75 35.5 36.0 36.375 37.25 37.625 38.841667 39.0 39.341667 39.5 39.625 39.625 39.341667 38.25 37.5 37.25 37.0 36.0 34.5 32.625 32.25 29.0 28.5 27.5 27.25 25.25 24.875 24.5 21.908333 21.625 21.658333 22.908333 23.5 23.75 24.0 24.125 24.5 25.125 
height:4.4 39.625 39.625 39.625 38.908333 38.75 37.375 37.0 35.5 34.75 34.5 32.375 32.25 30.125 30.0 28.5 28.0 27.5 26.25 25.5 25.125 24.5 24.125 24.0 23.75 23.5 22.908333 21.658333 21.625 21.908333 24.75 26.625 27.25 27.5 28.75 29.25 32.0 32.5 33.75 36.0 37.0 37.5 37.658333 37.75 38.125 38.25 38.341667 38.591667 39.0 39.341667 39.408333 
height:4.6 24.0 24.125 24.5 24.75 25.0 25.125 25.25 25.625 26.0 26.125 26.25 26.5 27.875 28.25 29.25 29.5 29.875 30.0 30.125 32.0 33.75 34.5 35.5 37.0 37.375 38.75 38.908333 39.341667 39.625 39.591667 38.841667 37.375 37.0 36.0 33.75 32.5 32.0 29.25 28.75 27.5 27.25 26.625 24.75 23.625 22.908333 22.75 21.908333 21.625 21.625 21.75 21.908333 22.908333 23.5 23.75 
height:4.8 38.5 38.341667 38.841667 39.091667 39.158333 39.341667 39.625 39.591667 39.0 37.375 37.0 35.5 32.875 32.75 31.75 31.25 30.875 30.75 29.375 28.75 28.25 27.875 25.25 23.75 23.5 22.908333 21.908333 21.75 21.625 21.625 21.908333 22.841667 23.0 23.375 23.75 24.75 25.125 25.875 26.625 27.5 27.75 29.0 29.5 31.75 32.25 33.75 36.0 37.0 37.5 37.658333 37.75 38.125 38.25 
height:5.0 29.25 29.75 31.5 32.0 33.5 33.75 35.125 36.0 36.75 37.125 37.5 37.658333 38.5 39.591667 39.591667 39.0 36.875 36.0 35.5 33.5 32.75 32.625 32.5 30.125 30.0 29.0 28.5 28.0 25.25 23.75 23.5 22.908333 21.908333 21.75 21.625 21.625 21.75 21.908333 22.841667 23.0 23.375 23.75 24.75 25.125 25.875 26.625 27.5 27.75 
height:5.2 28.75 27.75 27.25 26.875 26.25 26.0 25.875 25.75 24.875 24.125 24.0 23.75 23.5 22.908333 21.908333 21.75 21.625 21.625 21.908333 22.841667 23.0 24.75 25.125 25.875 26.625 27.5 27.75 29.5 30.25 31.375 31.5 33.25 34.375 36.0 37.75 37.908333 38.5 38.908333 39.125 39.341667 39.625 39.591667 39.408333 39.341667 38.125 37.75 37.625 36.75 36.25 36.0 35.875 35.5 34.5 34.25 33.375 33.25 32.375 32.25 30.875 30.75 30.0 29.25 
height:5.4 22.841667 22.5 23.0 23.875 25.75 26.5 26.75 27.875 28.25 33.25 34.375 36.0 37.75 37.908333 38.125 38.25 38.5 39.591667 39.591667 39.0 37.875 37.5 36.5 35.0 33.0 30.375 30.25 29.0 28.5 27.625 27.25 27.0 25.0 24.375 23.75 23.5 22.908333 21.908333 21.75 21.625 21.658333 22.0 22.341667 
height:5.6 22.841667 22.5 23.0 23.875 24.25 25.0 26.5 26.75 28.0 28.5 33.0 34.375 35.0 35.5 36.75 38.25 38.5 38.841667 39.591667 39.591667 39.0 37.875 36.5 35.5 34.875 34.25 33.25 32.75 30.875 30.75 29.5 27.75 27.125 26.5 26.0 23.75 23.5 22.908333 21.908333 21.841667 21.658333 21.658333 22.0 22.341667 
height:5.8 22.841667 22.5 23.0 24.125 24.5 25.0 26.5 26.75 28.0 28.5 33.0 33.5 34.25 35.0 35.625 36.5 38.5 39.0 39.341667 39.625 39.591667 39.25 37.5 37.125 36.5 35.5 34.125 34.0 32.75 32.25 31.375 31.25 30.375 29.75 28.0 26.75 24.625 23.875 23.591667 22.908333 21.908333 21.658333 22.0 22.341667 
height:5.8 19.25 19.175 20.325 20.0 
height:6.0 22.841667 22.5 23.0 24.375 24.875 25.625 26.5 26.75 28.25 29.0 33.0 33.5 34.25 35.0 35.625 36.5 38.5 39.0 39.591667 39.625 39.841667 39.625 39.591667 39.25 37.375 37.0 36.5 35.5 34.125 34.0 32.375 32.25 32.125 32.0 31.0 30.0 29.5 27.75 26.25 24.625 23.875 22.908333 22.158333 22.091667 21.908333 21.658333 22.0 22.341667 
height:6.0 19.125 19.0 19.0 20.25 20.25 19.75 
height:6.2 37.875 38.375 39.341667 39.591667 39.75 39.875 39.875 39.658333 39.591667 38.5 36.5 35.625 35.0 34.25 33.25 32.75 29.25 28.5 26.75 26.5 25.625 24.875 24.375 22.75 22.341667 21.658333 21.625 21.841667 21.908333 23.0 23.5 24.75 25.75 26.25 27.25 28.25 29.75 31.0 31.125 33.5 35.5 37.0 
height:6.2 19.125 19.0 18.925 19.25 19.5 20.25 20.25 20.0 
height:6.4 25.5 26.5 25.5 24.375 22.341667 22.0 21.425 21.591667 21.658333 21.841667 21.908333 23.158333 23.875 24.75 24.875 25.125 25.75 26.5 28.5 29.125 29.5 30.0 30.625 31.25 31.375 33.5 35.5 37.0 37.75 38.125 39.25 39.591667 39.658333 39.875 39.875 39.841667 39.658333 39.5 39.341667 38.658333 38.5 36.5 35.625 35.0 34.25 33.0 32.5 29.75 29.0 27.0 
height:6.4 19.125 19.5 19.125 19.0 19.25 19.5 20.25 20.25 19.625 
height:6.6 25.5 26.5 25.5 24.625 22.75 22.0 21.625 21.175 21.591667 21.658333 21.841667 21.908333 22.591667 22.658333 23.0 23.158333 23.875 24.875 25.25 25.75 26.75 28.75 29.375 29.75 30.25 31.0 31.75 31.875 33.25 33.5 33.75 34.875 35.5 37.125 37.875 39.25 39.591667 39.75 39.875 39.875 39.75 39.591667 38.841667 37.75 37.591667 37.25 36.5 35.625 35.0 34.25 32.75 32.25 29.875 29.75 27.0 
height:6.6 18.875 20.0 18.875 18.75 18.175 19.625 20.25 20.341667 
height:6.8 18.5 19.5 18.158333 18.25 19.25 20.25 20.5 21.0 21.25 21.75 21.841667 21.908333 22.591667 22.658333 23.0 23.875 24.875 25.25 26.75 26.875 27.0 28.25 28.5 29.0 29.5 30.5 31.125 32.0 32.125 33.5 33.75 34.75 36.75 37.875 39.25 39.591667 39.875 39.875 39.658333 39.591667 38.5 37.908333 37.75 37.25 36.5 35.625 35.0 34.25 32.75 32.0 30.75 30.0 27.0 26.5 25.25 24.75 22.75 22.591667 22.125 21.5 20.75 20.375 
height:7.0 20.5 20.75 21.75 22.341667 22.5 23.091667 23.25 24.25 25.25 26.5 27.0 30.5 31.25 32.0 34.25 35.0 36.25 37.75 37.908333 38.5 39.591667 39.875 39.841667 39.658333 39.591667 38.658333 38.591667 36.75 34.75 33.5 33.0 32.125 32.0 30.0 29.625 28.5 26.25 24.0 23.0 22.408333 22.25 21.658333 21.591667 21.091667 20.5 19.625 18.25 17.925 18.25 19.25 19.75 
height:7.2 20.5 21.0 20.5 19.75 18.25 17.908333 17.908333 18.25 19.5 20.25 21.0 21.25 21.341667 21.75 21.841667 21.908333 22.908333 24.0 25.5 26.125 26.25 27.625 28.5 28.75 29.25 30.25 31.5 31.625 34.5 36.25 37.25 37.875 38.375 39.591667 39.875 39.875 39.591667 39.25 38.5 37.25 36.875 36.25 33.75 27.0 26.5 25.25 24.25 23.0 22.25 
height:7.4 18.0 17.675 18.0 20.625 20.75 21.75 22.375 22.75 24.5 25.0 26.25 26.75 33.75 36.25 36.875 37.25 38.5 38.75 39.341667 39.591667 39.875 39.875 39.591667 39.25 38.375 37.875 37.25 36.25 34.25 31.625 31.5 31.0 28.75 25.5 24.0 22.658333 22.591667 22.408333 22.375 22.25 21.408333 21.375 21.25 20.841667 19.75 18.25 18.0 
height:7.6 21.0 22.25 22.5 24.5 24.875 26.0 26.5 33.75 36.25 36.875 37.25 38.5 38.75 39.341667 39.591667 39.875 39.875 39.591667 39.25 38.125 36.25 34.25 31.875 31.75 30.5 29.5 28.875 28.25 26.625 25.75 24.0 22.658333 20.75 20.0 18.25 17.425 17.625 18.0 19.5 19.75 20.875 
height:7.8 18.25 17.5 18.25 19.75 24.625 26.0 33.75 36.25 36.875 37.25 38.75 39.591667 39.875 39.875 39.591667 38.125 36.25 34.25 32.125 32.0 31.125 30.5 29.5 28.25 25.75 24.0 22.408333 20.5 19.75 18.0 17.175 
height:8.0 28.5 28.75 25.75 23.5 23.375 23.0 22.841667 22.5 21.841667 21.625 21.5 21.375 21.158333 20.5 20.0 19.25 18.25 17.875 17.5 16.925 17.25 18.0 18.25 19.75 21.75 22.375 22.75 23.125 23.5 23.75 24.125 25.5 28.0 28.75 29.5 30.0 33.5 36.25 36.875 37.25 38.5 39.591667 39.875 39.875 39.591667 38.125 37.75 37.0 34.625 34.5 32.125 32.0 30.75 29.75 29.25 
height:8.2 27.25 27.375 26.0 25.875 25.75 24.25 23.875 23.5 22.5 22.341667 21.158333 20.5 20.375 20.158333 19.75 19.0 18.25 17.25 16.925 17.125 17.5 18.75 19.5 21.5 22.125 24.125 25.5 27.5 28.25 29.5 30.25 33.5 36.25 36.75 37.0 38.75 38.908333 39.591667 39.75 39.841667 39.875 39.591667 37.875 37.5 37.0 35.625 35.5 34.375 34.25 32.125 32.0 30.75 29.75 28.5 
height:8.4 27.25 27.625 26.0 25.875 25.75 24.25 23.875 23.375 22.25 22.0 21.408333 20.5 20.375 20.158333 20.091667 19.75 19.375 18.75 18.0 17.5 17.125 17.0 16.908333 17.125 17.5 20.75 21.75 22.375 24.25 25.5 27.5 28.25 30.0 30.75 33.5 36.25 36.75 37.0 38.75 38.908333 39.591667 39.75 39.841667 39.875 39.591667 39.0 38.75 38.375 37.75 37.375 37.0 35.625 35.5 34.375 34.25 32.625 32.5 31.5 30.875 30.5 30.25 29.875 28.5 
height:8.6 39.591667 39.25 39.875 39.908333 40.125 40.0 39.908333 39.841667 39.591667 39.0 38.75 38.125 37.5 35.5 34.5 34.25 32.875 32.75 31.625 31.0 28.75 28.0 27.5 26.0 25.875 25.0 23.75 22.875 22.625 22.25 22.0 21.625 21.158333 19.5 19.0 17.5 16.675 17.5 20.5 21.5 22.125 22.75 23.125 24.5 25.25 27.25 28.0 33.5 36.25 36.75 37.0 39.0 
height:8.8 40.125 39.908333 40.125 40.091667 39.908333 39.841667 37.5 35.5 34.0 33.5 32.875 32.75 31.625 31.0 30.0 29.5 28.25 28.0 26.25 26.125 25.0 23.75 23.0 22.625 21.5 21.0 20.5 20.158333 19.5 18.5 17.875 17.0 16.675 16.875 17.25 20.25 21.25 23.375 24.5 25.25 27.25 28.0 33.5 33.875 34.875 35.75 36.75 39.25 39.841667 
height:9.0 39.841667 39.5 38.25 37.875 37.5 35.5 33.375 33.25 33.125 33.0 31.0 30.0 28.25 26.5 26.0 25.0 23.25 22.375 22.0 20.5 19.0 18.875 17.25 16.425 16.625 17.0 20.0 21.0 21.875 22.75 24.5 25.25 27.25 28.0 30.75 31.5 33.25 33.625 35.75 36.75 37.375 37.75 38.25 39.25 39.841667 39.908333 40.125 40.125 39.908333 
height:9.2 28.0 27.25 25.25 24.0 23.0 21.25 20.75 20.0 19.5 18.25 18.125 17.25 16.425 17.25 18.75 20.25 21.625 22.0 23.25 25.0 28.25 30.0 30.5 31.75 31.875 35.25 35.75 36.5 38.375 39.591667 40.125 40.125 40.0 39.841667 39.25 38.658333 38.5 36.75 35.75 33.625 33.25 31.5 30.75 
height:9.4 39.591667 39.0 38.75 37.5 35.75 33.625 33.25 32.0 31.25 28.0 27.25 25.0 24.25 23.25 20.25 19.5 19.0 18.0 17.875 17.25 16.175 16.625 17.5 18.0 18.75 18.908333 19.658333 20.0 20.25 21.375 22.25 23.5 24.875 25.0 26.75 26.875 28.25 29.625 31.25 31.75 31.875 35.25 35.75 36.5 38.375 39.5 39.841667 40.0 40.125 40.125 39.908333 39.841667 39.658333 
height:9.6 22.0 23.5 24.875 25.0 27.0 27.375 28.5 29.75 30.25 31.25 31.75 31.875 35.25 35.75 36.5 38.375 39.5 39.841667 40.0 40.125 40.125 39.908333 39.841667 39.591667 39.0 38.75 37.5 35.75 35.125 35.0 33.625 33.25 32.0 31.5 28.0 27.25 25.0 24.25 23.5 22.0 21.5 21.125 20.0 19.0 17.75 17.25 16.175 16.25 16.625 17.5 17.875 18.5 19.408333 19.75 20.0 21.25 
height:9.8 21.25 21.0 21.5 21.875 22.875 23.875 24.0 24.25 24.75 25.0 25.25 25.75 27.5 28.0 31.75 32.5 33.5 33.75 35.125 35.75 37.5 38.75 39.0 39.591667 39.841667 39.908333 40.125 40.125 39.841667 39.5 38.625 37.25 35.25 32.125 32.0 31.25 30.25 29.75 28.5 27.75 27.625 27.25 24.875 24.5 24.25 24.0 23.875 23.5 23.25 22.375 21.0 19.75 19.5 19.158333 18.5 18.25 17.875 17.5 17.25 16.175 18.75 19.75 20.875 
height:10.0 37.5 39.0 37.125 36.5 35.25 35.0 33.75 33.25 32.5 32.0 28.0 27.625 26.0 25.875 25.5 24.5 23.75 22.75 21.625 21.25 21.0 20.75 20.625 20.5 19.0 16.175 17.25 17.5 18.091667 19.158333 20.0 20.75 22.0 22.5 23.875 24.0 25.0 25.5 27.75 28.0 29.25 30.375 30.75 32.0 32.125 35.25 37.25 38.625 39.5 39.841667 40.125 40.125 39.841667 
height:10.2 36.625 35.5 35.25 35.0 32.125 32.0 30.75 30.25 28.0 25.5 25.0 24.0 23.875 22.25 21.75 21.0 20.5 20.125 19.158333 18.408333 18.341667 17.25 16.75 16.175 18.5 19.5 20.0 21.25 21.75 22.375 23.0 24.5 25.5 26.125 27.625 29.0 29.25 30.0 32.25 33.25 33.75 35.0 35.25 36.5 37.0 37.25 39.0 39.25 39.591667 40.091667 40.125 40.0 39.841667 38.125 37.75 37.25 
height:10.4 36.625 35.5 35.25 35.0 32.125 32.0 31.5 29.375 28.0 25.5 25.0 23.75 23.625 22.75 20.75 19.25 19.0 18.658333 18.625 18.5 18.0 17.408333 17.375 17.25 17.158333 18.5 18.625 19.25 20.25 22.25 22.5 22.875 23.75 24.25 25.25 26.0 26.125 27.375 28.75 28.875 29.25 29.5 30.0 30.25 32.625 32.75 33.25 33.75 35.0 35.25 36.5 37.0 37.25 39.0 39.25 39.591667 40.091667 40.125 40.0 39.841667 38.125 37.75 37.25 
height:10.6 32.375 35.0 35.25 35.5 36.625 37.25 37.75 38.125 39.841667 40.125 40.125 39.908333 39.841667 39.5 39.25 37.25 37.0 36.5 35.25 35.0 33.75 33.25 32.5 30.5 30.25 29.0 28.625 28.5 27.375 27.25 26.5 26.25 25.0 23.75 23.25 22.0 20.0 19.75 19.625 18.5 17.75 17.408333 17.175 17.841667 18.158333 18.908333 20.5 22.5 23.375 23.5 25.0 25.5 28.25 28.875 29.5 29.75 29.875 30.0 31.5 32.25 
height:10.8 32.375 35.0 35.25 35.5 36.625 37.25 38.5 38.875 39.841667 40.125 40.125 39.908333 39.841667 39.5 39.25 37.25 37.0 36.5 35.125 34.0 33.875 33.5 32.5 30.5 30.25 28.75 27.375 27.25 26.5 26.25 25.0 24.0 23.0 21.75 18.25 17.75 17.5 17.158333 17.25 17.841667 17.908333 18.908333 20.25 22.25 23.0 23.25 25.375 25.5 28.25 28.875 30.0 30.5 31.5 32.25 
height:11.0 32.625 35.0 35.25 35.5 36.625 37.25 38.5 38.875 39.841667 40.125 40.091667 40.0 39.841667 39.5 39.341667 38.5 38.408333 38.25 37.75 37.0 36.0 33.875 33.5 32.5 30.75 30.25 28.75 27.375 27.25 26.5 26.25 24.5 22.75 21.5 20.0 19.25 17.875 17.158333 17.25 17.5 17.591667 17.75 18.158333 19.091667 19.25 20.5 22.0 22.75 23.0 28.25 30.0 31.0 32.5 
height:11.2 39.5 39.841667 40.0 40.158333 40.25 40.375 40.125 40.091667 39.591667 38.75 38.5 37.0 35.25 34.125 33.75 33.0 32.5 30.75 30.25 28.5 27.25 26.5 26.25 24.25 22.5 21.25 19.75 18.25 17.625 17.158333 17.158333 17.341667 17.908333 18.341667 18.75 19.625 20.75 22.5 26.25 27.0 28.5 30.5 31.0 32.5 32.625 35.0 35.25 35.5 36.625 37.25 38.5 38.875 
height:11.4 39.5 39.841667 40.25 40.375 40.091667 39.591667 38.5 37.75 36.0 34.0 31.0 30.5 28.5 27.25 26.5 26.25 24.25 20.0 18.5 17.625 17.158333 17.25 17.5 17.908333 18.25 18.658333 19.625 20.5 21.0 22.5 27.0 27.5 28.5 30.5 31.0 32.5 32.625 35.0 35.25 35.5 36.625 37.25 38.5 38.875 
height:11.6 31.0 30.5 28.25 26.5 26.25 24.25 23.75 23.25 23.0 22.625 21.25 21.0 20.875 20.5 20.25 18.0 17.625 16.925 17.158333 17.341667 17.5 17.75 17.841667 17.908333 19.125 19.5 20.75 22.25 27.5 27.75 29.25 29.625 30.5 31.0 31.625 32.75 32.875 35.0 35.25 35.5 36.625 37.25 37.625 38.75 39.25 39.591667 40.091667 40.158333 40.341667 40.375 40.158333 40.091667 39.591667 38.5 37.75 36.0 34.0 
height:11.8 31.0 30.5 28.25 26.5 26.25 23.75 22.375 21.75 19.25 18.25 17.875 17.5 16.925 17.091667 17.25 17.341667 17.408333 17.841667 17.908333 18.25 18.408333 19.625 20.0 20.5 22.0 27.75 28.75 29.25 29.75 31.75 32.75 32.875 34.75 35.125 36.5 36.625 37.25 37.625 38.75 39.25 39.591667 40.091667 40.158333 40.375 40.375 40.158333 40.091667 39.591667 39.0 38.841667 37.5 37.25 36.75 34.0 
height:12.0 40.158333 40.375 40.375 40.25 40.091667 39.591667 39.25 38.75 37.625 37.25 36.625 36.5 35.125 34.75 32.875 32.75 31.75 30.25 30.125 30.0 29.75 28.0 21.75 20.75 19.5 19.125 18.158333 17.158333 17.0 16.908333 17.25 17.5 19.5 22.125 23.25 26.25 26.5 28.25 30.75 31.5 32.5 32.75 34.0 36.75 37.25 37.5 39.091667 39.25 39.5 40.091667 
height:12.2 19.25 17.25 16.908333 16.875 17.091667 17.158333 18.158333 19.375 19.75 20.25 21.5 28.25 30.375 31.25 31.875 33.0 33.125 34.5 34.875 37.25 37.625 38.75 39.25 39.591667 40.091667 40.25 40.375 40.375 40.158333 40.091667 39.5 39.25 39.091667 37.5 36.25 35.5 34.25 32.75 32.5 31.5 30.75 28.0 26.25 23.25 21.375 21.0 20.75 
height:12.4 34.75 36.25 36.375 37.25 37.625 38.75 39.25 39.591667 40.091667 40.25 40.375 40.375 40.158333 40.091667 39.25 37.25 36.25 34.25 32.75 32.5 31.25 31.0 29.5 29.25 29.0 28.75 27.5 26.0 23.0 21.125 20.5 19.625 18.75 17.5 17.341667 16.908333 16.908333 17.5 17.658333 17.908333 18.5 18.75 19.25 20.0 21.25 22.125 22.25 23.0 28.25 30.375 31.25 31.875 33.0 33.125 34.25 
height:12.6 34.75 36.25 36.375 37.25 37.625 38.75 39.25 39.591667 40.091667 40.375 40.375 40.25 40.091667 39.25 37.25 36.25 34.25 32.5 32.25 31.75 31.25 31.0 29.75 29.5 29.0 28.5 27.5 26.0 22.75 20.875 20.25 19.0 17.25 16.908333 16.908333 18.158333 18.875 20.25 22.125 22.5 23.25 28.25 30.375 31.25 31.875 33.0 33.125 34.25 
height:12.8 31.25 31.0 32.375 32.75 34.5 36.375 37.25 38.0 38.5 38.658333 39.341667 40.091667 40.158333 40.375 40.341667 39.5 39.25 39.125 38.875 38.5 37.25 36.5 36.0 34.5 34.25 33.875 33.75 32.25 31.25 30.25 29.375 29.25 29.0 28.5 28.25 23.25 22.25 21.875 20.75 19.75 18.408333 16.908333 16.658333 17.158333 17.5 17.658333 18.375 18.75 20.0 21.25 22.5 26.0 27.25 28.0 28.5 29.75 30.0 
height:13.0 31.25 31.0 32.375 32.75 34.5 37.0 38.5 38.75 39.341667 39.5 39.841667 40.375 40.341667 39.5 39.25 39.125 38.875 38.5 37.25 36.5 36.0 31.875 31.75 31.25 30.875 28.5 27.5 27.25 25.75 25.0 23.125 21.75 21.375 20.5 20.0 19.5 19.125 18.25 18.091667 17.658333 16.908333 16.841667 16.625 16.658333 17.5 18.875 20.5 20.75 21.125 22.25 25.75 27.25 28.0 28.5 29.75 30.0 
height:13.2 31.25 31.0 32.375 32.75 34.5 36.625 37.0 38.5 38.75 39.341667 39.5 39.841667 40.375 40.341667 39.375 38.75 37.0 36.0 31.875 31.75 31.25 30.875 28.5 27.75 27.5 25.25 24.75 21.5 20.5 19.5 17.908333 16.658333 16.658333 17.158333 18.125 18.625 19.25 21.375 22.0 25.75 26.0 26.5 27.0 27.75 28.25 30.0 30.25 
height:13.4 34.75 36.5 37.75 38.75 39.5 39.841667 40.158333 40.341667 40.341667 39.591667 39.125 38.0 36.25 31.875 31.75 31.25 30.75 29.875 29.5 27.75 24.75 24.375 23.0 22.75 21.5 20.5 19.5 18.75 18.25 17.75 16.908333 16.625 16.625 16.908333 17.341667 17.5 18.75 20.0 20.5 21.125 22.25 25.5 26.875 28.0 30.0 30.25 31.0 31.25 32.375 32.75 
height:13.6 16.658333 16.908333 16.658333 16.591667 16.408333 16.591667 16.658333 18.0 18.875 19.25 20.25 21.125 21.5 24.0 24.5 28.0 29.25 31.25 32.0 32.125 36.0 37.0 38.375 39.0 39.375 40.341667 40.375 39.841667 39.591667 39.0 38.75 37.5 36.625 34.75 32.5 32.125 31.125 30.25 30.0 27.75 26.75 25.5 22.0 21.0 18.25 17.658333 17.5 
height:13.8 30.5 30.25 27.5 26.5 26.0 25.5 25.25 21.75 20.25 19.75 18.375 17.5 16.658333 16.591667 16.408333 16.375 16.908333 17.75 19.25 20.25 21.125 21.5 24.0 24.5 28.25 29.25 30.5 31.375 32.0 32.125 35.75 36.25 37.0 38.375 39.375 39.841667 40.341667 40.375 39.841667 39.591667 39.0 38.75 37.5 36.625 36.0 35.25 34.5 34.0 32.25 32.0 
height:14.0 29.25 28.5 29.25 29.375 30.25 30.375 31.25 31.5 32.0 32.25 36.125 36.625 36.75 37.25 39.0 39.841667 40.375 40.341667 39.841667 39.375 38.375 37.0 36.25 35.75 32.125 32.0 31.0 30.625 28.25 27.5 27.25 24.0 23.75 22.625 22.25 21.0 20.875 20.0 19.5 18.5 18.0 16.658333 16.375 16.375 16.658333 16.908333 17.5 17.75 18.375 18.875 21.5 25.0 25.25 25.75 27.0 28.0 
height:14.2 29.25 28.0 29.25 29.375 30.375 31.25 31.375 32.125 33.0 34.25 37.25 39.0 39.841667 40.375 40.341667 39.75 38.375 38.0 37.5 35.75 32.125 32.0 31.5 30.625 29.75 29.625 29.5 29.25 27.5 25.5 25.125 23.75 23.5 22.5 22.25 22.0 21.0 20.875 20.0 19.5 18.875 18.5 17.908333 16.908333 16.875 16.75 16.408333 16.375 16.658333 17.0 17.158333 18.125 18.625 18.75 19.0 20.875 21.25 24.75 25.0 25.5 26.75 27.5 
height:14.4 24.875 21.5 21.125 20.0 19.0 17.75 17.5 17.158333 17.0 16.408333 16.158333 16.341667 16.658333 16.908333 17.5 17.75 18.0 18.75 21.0 24.75 26.5 27.5 29.5 29.625 30.375 31.25 33.0 34.25 37.25 38.25 38.591667 38.75 39.591667 40.091667 40.158333 40.375 40.375 40.091667 39.75 38.375 36.75 36.0 35.5 32.125 32.0 31.0 30.625 29.75 29.0 27.75 25.25 
height:14.6 16.908333 17.658333 16.875 16.75 16.408333 16.125 16.658333 17.375 18.25 18.625 19.0 19.5 20.75 22.0 22.25 22.75 24.5 25.25 25.75 26.25 28.125 28.25 28.375 29.5 29.625 30.375 31.25 31.375 33.25 34.625 35.5 36.125 37.25 38.0 38.5 39.25 39.591667 40.091667 40.158333 40.375 40.375 40.091667 39.75 38.375 36.75 36.0 35.5 32.125 32.0 31.0 30.625 29.125 28.0 24.75 24.375 23.5 23.25 21.625 21.25 21.0 20.0 19.0 
height:14.8 28.25 28.5 28.625 28.75 29.125 29.5 29.75 30.0 30.125 31.5 32.25 32.375 35.25 35.75 36.75 38.375 39.75 40.091667 40.375 40.375 40.158333 40.091667 39.591667 39.25 38.5 38.0 37.25 36.375 35.0 34.75 33.25 28.875 28.75 27.75 27.25 26.5 25.5 24.25 22.75 22.25 21.75 20.5 18.5 17.0 16.408333 16.25 16.158333 16.125 16.658333 17.908333 18.375 19.25 19.875 21.0 21.125 21.25 21.5 23.0 23.25 24.0 24.25 25.5 25.75 27.25 27.5 
height:15.0 20.25 19.25 18.75 18.375 18.0 16.908333 16.158333 16.091667 15.925 16.5 17.158333 18.0 18.625 19.25 20.25 22.75 23.125 25.125 26.0 26.25 27.25 27.75 28.25 28.75 29.5 30.25 31.125 31.5 32.25 32.375 35.25 37.25 38.625 39.75 40.091667 40.375 40.375 40.158333 40.091667 39.341667 39.0 38.841667 38.0 36.25 35.75 34.75 33.25 31.375 31.25 30.5 29.375 28.5 27.5 27.25 26.75 26.25 25.75 25.25 24.25 21.5 21.0 
height:15.2 29.375 29.0 29.75 30.0 32.125 33.0 34.75 35.0 36.375 37.75 38.841667 39.0 39.341667 39.841667 40.158333 40.341667 40.375 39.908333 39.841667 38.625 37.75 37.25 35.25 32.375 32.25 31.625 30.75 29.25 28.0 27.25 26.5 25.75 24.75 24.5 22.5 20.25 19.25 18.875 18.5 17.658333 16.658333 16.625 16.5 16.158333 16.091667 15.908333 15.875 16.408333 16.75 18.25 20.25 21.0 21.5 24.0 25.5 26.25 26.875 27.091667 27.25 28.25 28.75 
height:15.4 24.25 22.75 22.5 20.25 19.25 18.75 18.375 17.5 17.341667 16.908333 16.75 16.25 15.908333 15.875 16.158333 16.75 18.0 20.0 20.75 21.25 22.5 22.625 23.75 25.75 26.25 26.625 27.0 27.25 27.5 28.0 29.0 30.0 30.5 31.875 33.0 35.0 35.75 37.0 37.5 37.75 38.841667 39.0 39.341667 40.091667 40.158333 40.375 40.341667 39.591667 38.625 36.5 35.5 35.0 32.625 32.5 31.75 30.75 30.375 30.0 29.375 28.125 27.5 27.25 26.0 24.5 
height:15.6 25.625 25.75 26.0 26.125 26.25 26.625 27.25 28.25 28.625 29.625 30.0 31.25 32.75 35.0 37.5 38.841667 39.0 39.25 40.091667 40.158333 40.375 40.375 40.091667 39.375 38.875 38.0 37.0 35.0 32.625 32.5 31.75 30.75 30.375 30.0 29.375 27.875 27.25 26.75 25.75 24.25 24.0 22.5 22.25 20.25 19.25 18.875 18.5 17.408333 16.658333 16.625 16.5 16.25 15.908333 15.875 16.158333 16.908333 17.375 18.25 19.75 20.75 21.25 22.5 22.625 23.75 24.0 24.125 24.75 24.875 25.125 25.5 
height:15.8 38.875 39.375 38.0 37.0 36.375 35.25 35.0 34.75 32.875 32.75 31.75 30.75 30.0 29.125 28.75 27.25 26.25 25.875 24.75 24.0 23.25 22.5 22.25 20.25 19.25 18.125 17.25 16.408333 16.25 15.908333 15.625 15.908333 16.5 17.75 18.625 19.5 20.5 21.0 22.25 22.375 23.5 25.0 25.25 26.125 27.0 27.25 28.0 29.0 29.375 29.75 32.75 35.0 37.5 38.841667 39.0 39.25 40.091667 40.158333 40.375 40.375 40.091667 
height:16.0 15.625 15.908333 16.25 16.908333 18.75 20.0 22.0 22.25 22.75 23.125 24.5 25.0 26.0 27.0 27.25 28.0 28.341667 28.625 29.125 29.75 30.875 31.25 32.75 32.875 34.75 35.0 36.25 37.0 37.5 38.125 39.75 40.091667 40.375 40.375 40.158333 40.091667 39.908333 39.841667 38.75 37.5 36.625 36.0 35.25 32.75 29.75 29.375 28.875 28.408333 28.25 27.25 27.091667 25.875 25.5 25.375 24.75 23.875 23.75 23.5 22.5 22.0 20.5 20.125 19.25 18.25 17.375 16.658333 15.908333 15.75 15.625 
height:16.2 34.25 34.75 36.25 38.375 39.75 40.091667 40.375 40.375 40.158333 40.091667 39.908333 39.841667 38.75 37.5 36.625 36.0 35.25 32.5 31.25 30.625 29.75 29.125 28.75 28.591667 28.125 27.5 27.25 27.091667 26.875 26.5 25.875 25.25 24.75 24.25 23.25 22.5 22.25 20.5 20.125 19.25 17.75 16.25 15.908333 15.625 15.658333 16.25 16.408333 17.0 18.375 18.75 19.25 20.125 21.25 21.75 22.75 24.125 24.75 26.0 26.625 27.25 28.341667 28.5 28.875 29.5 29.875 30.5 30.875 31.25 31.875 33.0 33.125 
height:16.4 39.0 38.75 39.341667 40.091667 40.158333 40.375 40.375 40.158333 40.091667 39.75 38.25 36.0 34.5 34.0 33.625 33.5 32.0 30.5 29.625 29.25 27.25 26.25 25.125 24.75 24.25 22.5 21.5 21.0 19.25 17.658333 17.5 16.908333 15.908333 15.75 15.591667 15.408333 15.908333 16.341667 16.5 17.125 17.5 18.0 19.0 19.875 20.25 22.0 22.5 23.25 23.5 23.625 24.5 25.125 25.25 25.625 26.091667 26.25 26.625 27.091667 27.25 28.125 29.75 30.625 31.25 32.5 35.25 36.0 36.625 37.5 
height:16.6 24.5 24.0 24.5 25.5 26.0 27.25 27.75 27.908333 28.25 28.408333 28.875 29.25 30.125 30.625 31.0 31.75 31.875 36.0 38.375 39.75 40.091667 40.158333 40.375 40.375 40.158333 40.091667 39.341667 39.0 38.75 37.5 36.0 34.5 34.25 32.5 31.25 30.25 29.75 29.375 28.5 28.25 27.25 26.875 26.5 26.0 25.75 25.5 24.0 23.125 22.25 22.0 20.0 19.625 18.75 18.25 17.875 16.75 16.591667 15.908333 15.841667 15.408333 15.375 15.908333 16.658333 17.341667 17.5 19.25 22.25 
height:16.8 23.0 22.25 23.0 23.25 23.375 23.5 23.875 24.25 25.125 25.25 26.125 26.5 27.25 27.5 27.875 28.25 28.5 29.375 29.75 30.25 33.25 34.0 34.375 35.25 37.5 38.75 39.0 39.341667 40.091667 40.158333 40.375 40.375 40.158333 40.091667 39.75 39.591667 38.625 37.25 35.5 32.125 32.0 31.5 30.125 29.25 28.875 28.5 28.341667 27.5 26.0 25.75 25.25 24.25 22.875 22.0 19.5 18.5 17.25 17.0 16.875 16.658333 15.658333 15.375 15.375 15.658333 16.0 17.25 18.625 19.75 21.75 
height:17.0 22.75 23.0 23.375 23.75 24.125 24.5 24.625 24.75 25.0 25.125 25.25 25.625 26.375 26.75 27.25 27.625 28.125 28.875 29.25 30.25 33.25 34.25 34.375 35.5 37.5 38.75 39.0 39.341667 40.091667 40.158333 40.375 40.375 40.091667 39.591667 38.625 36.5 35.5 32.125 32.0 31.0 30.625 30.125 29.125 28.75 28.591667 27.5 25.75 25.5 25.0 24.0 22.625 21.75 19.5 18.0 17.0 16.25 16.125 15.908333 15.841667 15.158333 15.158333 15.25 15.658333 16.75 18.5 19.5 21.75 
height:17.2 36.125 35.625 35.25 34.75 34.5 33.5 33.125 32.25 31.75 31.125 30.25 29.25 28.875 28.125 27.25 26.875 24.625 23.125 23.0 22.75 22.0 21.5 19.5 19.125 18.25 16.875 15.908333 15.408333 15.125 15.125 15.5 15.658333 16.5 17.0 17.75 18.125 18.5 19.75 21.5 22.5 23.125 23.75 25.5 27.5 30.125 32.0 32.125 35.25 37.0 38.125 38.75 39.125 39.591667 40.091667 40.158333 40.375 40.375 40.158333 40.091667 39.341667 39.0 38.75 37.25 36.75 
height:17.4 36.125 35.625 35.25 34.75 34.5 33.5 33.125 32.25 31.75 31.125 30.25 29.25 29.0 28.75 28.125 27.25 27.0 26.625 26.125 25.658333 25.5 25.25 24.0 22.5 21.5 19.25 18.875 18.0 16.75 16.25 15.408333 15.125 15.125 15.408333 15.75 15.875 15.908333 16.125 16.25 16.75 17.75 18.125 18.5 19.75 21.25 21.375 22.25 22.875 23.5 25.25 26.75 27.625 30.0 31.75 32.25 32.375 35.25 37.0 38.0 38.875 39.25 40.091667 40.158333 40.375 40.375 40.158333 40.091667 39.341667 39.0 38.75 37.25 36.75 
height:17.6 40.091667 40.158333 40.375 40.375 40.158333 40.091667 39.908333 39.841667 39.25 39.0 38.841667 37.25 35.625 34.75 34.5 33.0 30.25 28.125 27.25 26.375 24.25 22.5 21.5 19.0 18.0 16.875 16.25 16.0 15.408333 15.25 15.091667 14.908333 14.908333 16.158333 16.5 16.658333 17.75 19.25 19.875 20.75 22.0 22.75 23.5 24.0 24.5 25.0 26.0 26.75 27.625 29.625 30.125 30.75 31.75 32.5 32.625 35.25 37.0 37.5 38.125 39.75 
height:17.8 14.908333 16.408333 17.75 19.25 20.0 20.25 20.5 21.5 21.75 22.5 23.125 23.75 24.25 24.75 25.75 27.0 27.625 29.5 29.875 30.75 32.0 32.5 32.625 35.25 37.0 37.5 37.875 38.375 39.75 40.091667 40.25 40.375 40.341667 40.158333 40.0 39.841667 39.25 39.0 38.841667 37.25 36.375 35.0 34.75 33.0 30.25 28.125 27.25 26.25 26.091667 25.875 25.5 24.875 24.5 24.375 23.75 22.875 22.75 22.5 21.5 18.75 17.75 16.75 16.0 15.158333 14.875 
height:18.0 36.0 36.75 38.375 39.591667 39.75 40.091667 40.158333 40.25 40.375 40.158333 40.0 39.841667 39.5 39.158333 38.841667 37.25 35.75 35.0 34.75 33.0 30.25 28.125 27.25 26.125 23.75 22.375 21.25 18.5 17.5 16.125 15.158333 14.875 14.908333 15.591667 15.908333 16.341667 16.5 17.75 19.25 21.25 23.0 24.0 24.5 25.5 27.0 27.625 29.125 29.5 30.375 30.75 31.25 32.75 32.875 34.75 
height:18.2 40.0 40.158333 39.841667 38.841667 37.25 35.75 35.0 34.75 33.0 30.25 28.125 27.25 26.5 25.625 25.25 25.091667 24.125 23.125 22.25 21.25 18.5 18.125 17.25 16.75 15.25 14.908333 14.625 14.75 14.908333 16.408333 17.75 19.5 21.0 22.75 24.5 25.0 25.25 27.0 27.625 29.0 29.375 29.625 30.5 32.25 33.0 33.125 34.75 34.875 35.0 35.75 37.75 38.125 38.5 39.5 40.091667 40.158333 40.325 
height:18.4 27.0 26.25 27.5 27.875 30.5 32.25 33.25 33.375 34.25 34.75 35.75 37.75 39.5 40.091667 40.125 39.591667 38.341667 38.0 37.25 35.75 35.0 34.75 33.0 30.25 28.0 27.5 26.5 26.125 25.0 24.625 24.25 24.125 23.5 22.625 22.5 22.25 21.25 18.25 17.25 16.25 15.25 14.908333 14.625 14.625 14.908333 15.25 15.5 15.658333 15.875 16.0 16.158333 17.75 19.0 20.5 20.625 22.5 24.25 24.875 26.0 
height:18.6 38.0 38.591667 38.0 37.75 37.375 35.875 32.75 30.25 28.0 27.5 26.5 26.125 25.625 25.25 25.091667 23.625 22.625 22.25 21.25 18.0 17.0 15.625 15.158333 14.658333 14.625 14.908333 16.0 17.75 19.0 21.5 21.625 22.25 24.0 24.5 25.5 26.25 28.125 30.5 32.25 34.0 34.125 34.25 34.375 35.5 36.5 37.25 39.091667 39.25 39.841667 40.091667 40.091667 39.658333 39.591667 
height:18.8 30.25 31.0 28.0 26.375 26.25 26.091667 25.875 25.5 25.0 24.841667 23.625 22.625 22.25 21.75 21.5 20.0 19.5 19.0 17.5 16.25 15.375 14.908333 14.375 14.408333 14.591667 14.658333 15.908333 17.75 19.0 21.25 21.375 22.75 23.25 23.75 24.5 25.0 25.25 26.25 28.0 30.25 30.625 31.0 32.25 32.375 35.25 37.0 38.125 39.841667 40.125 40.091667 39.658333 39.591667 38.591667 37.75 35.0 32.75 31.875 
height:19.0 36.5 36.0 35.0 32.75 31.875 31.0 30.25 28.0 27.5 26.5 26.125 24.908333 24.75 24.25 23.908333 23.75 23.0 22.625 21.5 20.5 20.25 19.0 18.75 17.25 17.0 16.5 15.875 14.658333 14.375 14.375 14.908333 15.5 16.0 17.75 18.125 19.0 19.125 19.25 21.0 21.125 21.5 21.75 21.875 22.5 22.875 25.0 26.5 26.75 26.875 27.0 27.25 27.625 27.75 28.125 28.375 28.75 28.875 29.0 29.375 29.75 29.875 30.0 30.375 30.75 30.875 31.0 32.25 32.375 35.0 37.0 38.375 39.841667 40.125 40.091667 39.658333 39.591667 38.591667 37.75 36.875 
height:19.2 20.25 20.5 21.25 22.5 23.0 23.375 25.0 25.25 25.625 26.25 26.75 28.125 30.25 31.0 31.875 32.75 35.0 35.25 36.0 37.0 37.75 38.591667 39.591667 39.658333 40.091667 40.125 39.841667 39.5 38.375 37.0 36.25 35.0 32.625 32.5 31.0 30.375 28.875 28.408333 28.25 27.75 27.0 26.0 25.25 24.625 24.25 24.0 21.75 20.875 20.75 19.25 19.125 19.0 18.125 17.75 17.125 16.5 16.341667 15.658333 14.658333 14.5 14.341667 14.25 14.125 14.408333 14.75 15.125 16.5 17.0 17.25 18.5 18.75 
height:19.4 30.375 28.875 31.0 31.625 31.75 32.75 32.875 35.0 35.125 37.5 39.25 39.841667 40.125 40.125 39.908333 39.841667 38.591667 37.75 37.0 36.625 35.25 32.75 31.0 30.5 30.125 28.5 28.25 27.75 27.25 26.5 26.25 25.0 24.841667 23.375 22.375 22.0 20.5 20.25 18.75 18.25 17.0 15.75 14.5 14.158333 14.158333 14.591667 14.908333 15.125 15.25 15.341667 15.75 16.341667 16.5 17.125 17.75 18.375 19.5 19.625 20.0 20.5 21.5 24.25 24.75 25.25 25.75 26.875 27.125 27.5 28.0 28.25 28.408333 
height:19.6 30.375 28.875 31.0 31.625 31.75 32.75 32.875 34.5 34.75 35.0 36.125 36.75 38.625 39.841667 40.125 40.125 39.908333 39.841667 38.591667 37.75 36.0 34.5 34.25 33.75 32.75 30.875 30.5 30.25 28.5 28.25 27.75 27.25 26.5 26.125 25.625 25.25 24.5 23.25 22.375 22.0 20.5 20.25 18.5 18.125 16.75 16.5 16.0 15.375 14.158333 14.125 14.658333 15.25 16.25 17.5 18.5 21.25 21.5 22.0 23.0 24.0 25.0 26.25 27.25 28.125 
height:19.8 20.25 20.5 21.25 23.375 24.841667 25.0 26.125 26.5 27.375 28.25 28.908333 29.25 30.375 32.5 34.25 34.5 36.0 37.75 38.591667 39.841667 39.908333 40.125 40.125 40.0 39.841667 38.125 36.75 36.0 35.75 34.75 34.5 34.25 33.125 33.0 31.75 30.875 29.25 28.875 28.25 27.75 27.125 26.75 26.591667 26.25 25.5 25.125 24.25 23.75 21.0 18.5 17.5 17.125 16.75 16.0 15.25 14.908333 14.75 14.158333 14.125 14.091667 13.908333 13.875 14.158333 15.25 16.5 17.75 18.25 
height:20.0 22.75 22.875 23.125 23.625 25.091667 25.25 26.091667 26.25 26.5 27.0 27.625 28.125 28.908333 29.25 30.375 32.5 33.375 34.25 34.5 36.0 37.75 38.591667 39.841667 39.908333 40.125 40.125 39.841667 39.5 38.125 37.75 37.25 35.5 34.375 34.25 33.125 33.0 31.0 30.375 29.125 28.658333 28.341667 27.5 26.908333 26.591667 26.408333 26.25 26.091667 25.625 25.158333 24.875 21.5 20.5 19.0 17.5 17.125 16.75 16.0 14.658333 14.5 13.908333 13.908333 14.25 15.125 16.25 17.25 17.75 20.25 20.5 21.25 
height:20.2 39.841667 39.5 38.625 37.5 36.5 35.625 35.5 34.5 34.0 33.625 33.5 32.0 31.875 31.0 30.875 30.75 30.375 30.0 29.5 29.25 29.125 29.0 28.75 28.341667 27.875 27.408333 27.25 26.658333 26.658333 27.341667 27.5 28.25 29.0 29.375 29.625 30.5 32.5 33.375 34.25 34.5 36.0 37.75 38.591667 39.591667 39.658333 39.841667 39.908333 40.125 40.125 39.908333 
height:20.2 23.658333 24.591667 25.25 26.091667 26.125 25.841667 24.625 24.125 23.75 21.875 21.5 20.5 18.625 18.5 18.0 16.625 15.658333 15.5 15.158333 13.908333 13.908333 15.0 16.0 17.0 17.5 20.0 20.375 21.25 23.5 
height:20.4 13.841667 13.908333 14.908333 15.5 15.658333 16.625 18.0 18.5 18.625 20.5 22.75 24.0 24.375 24.625 24.75 25.0 25.158333 25.841667 25.841667 25.25 24.841667 24.25 24.091667 23.0 21.75 20.25 20.0 17.25 15.25 13.908333 13.658333 
height:20.4 28.341667 28.408333 28.591667 28.658333 29.375 30.25 31.0 31.75 31.875 35.25 35.75 36.5 38.375 39.341667 39.75 39.908333 40.091667 40.091667 39.908333 39.841667 39.658333 39.591667 38.841667 38.5 38.341667 37.75 37.5 37.125 35.25 34.5 34.0 33.25 33.0 31.75 31.25 30.5 29.5 29.125 28.75 28.25 27.658333 27.5 27.341667 27.0 26.875 26.908333 27.341667 27.408333 27.591667 27.658333 27.875 28.25 
height:20.6 28.591667 28.341667 28.75 29.0 29.125 29.375 29.75 30.375 31.25 31.375 31.5 31.75 33.0 33.25 34.5 35.5 36.0 38.0 38.25 39.341667 39.75 39.841667 40.0 40.091667 40.091667 39.908333 39.75 39.591667 39.0 38.625 38.25 37.0 35.25 31.875 31.75 31.0 30.625 29.375 28.658333 28.341667 27.908333 27.408333 27.341667 27.125 27.158333 27.341667 27.5 27.658333 
height:20.6 18.0 16.625 15.658333 15.5 14.908333 14.158333 14.091667 13.908333 13.841667 13.658333 13.625 13.908333 14.75 15.75 16.5 17.0 20.0 20.25 21.75 23.0 24.0 25.091667 25.375 25.341667 25.158333 25.091667 23.75 21.0 20.0 18.875 18.75 
height:20.8 23.908333 24.841667 23.75 23.0 22.125 21.75 20.25 20.0 16.75 15.0 13.658333 13.625 13.75 13.908333 14.908333 15.25 15.408333 16.625 17.625 18.0 18.75 18.875 19.5 19.875 21.0 21.375 22.75 23.125 23.625 24.75 25.091667 25.125 
height:20.8 37.875 37.5 39.591667 39.75 39.908333 40.0 40.125 39.841667 39.658333 39.25 38.841667 38.0 36.0 35.5 34.5 33.25 33.0 31.75 30.875 29.875 28.75 28.341667 27.658333 27.375 27.375 27.908333 28.341667 28.5 29.375 30.625 31.0 31.75 31.875 35.0 37.0 
height:21.0 27.658333 27.375 27.375 27.75 27.908333 28.341667 28.5 29.375 30.625 31.0 31.75 31.875 35.0 35.5 36.25 38.125 39.591667 39.658333 39.841667 39.875 40.075 39.908333 39.841667 39.658333 39.25 39.125 38.908333 38.841667 37.25 36.0 35.5 34.5 33.25 33.0 31.75 30.875 29.875 28.75 28.341667 27.908333 
height:21.0 20.0 16.5 15.375 14.5 14.0 13.658333 13.658333 13.841667 14.158333 14.591667 14.658333 15.25 15.408333 16.75 17.625 18.0 19.0 19.125 19.375 20.75 22.25 22.625 23.875 24.25 24.841667 24.908333 25.125 25.091667 24.5 24.375 24.158333 23.841667 23.0 21.0 20.25 
height:21.2 36.5 36.0 34.5 33.25 33.0 31.75 29.875 28.75 28.5 27.908333 27.658333 27.375 27.375 27.908333 28.25 28.408333 29.625 31.0 31.75 31.875 35.0 36.75 38.125 39.0 39.158333 39.591667 39.875 39.875 39.75 39.591667 38.591667 37.25 36.875 
height:21.2 16.625 15.25 16.625 18.125 20.5 22.5 23.125 23.625 24.591667 24.875 24.841667 24.158333 23.5 23.25 21.0 20.125 19.75 16.25 16.0 15.25 14.875 14.5 13.908333 13.625 13.625 13.75 13.908333 14.658333 14.875 15.0 
height:21.4 39.341667 38.75 39.841667 39.875 39.341667 38.5 37.25 35.875 34.5 34.25 33.25 33.0 31.75 29.875 28.75 28.5 27.908333 27.658333 27.375 27.375 27.908333 28.25 28.875 31.0 31.75 31.875 34.75 36.75 38.5 
height:21.4 22.5 21.0 20.25 20.0 16.25 14.75 13.658333 13.375 13.591667 13.658333 13.841667 13.908333 14.658333 15.0 15.25 16.625 18.0 18.125 20.5 22.0 22.75 23.125 24.0 24.591667 24.658333 24.825 24.658333 24.591667 24.158333 24.0 23.75 
height:21.6 39.0 38.841667 38.0 37.5 35.75 35.25 34.25 33.25 33.0 32.25 30.25 28.5 28.341667 27.908333 27.408333 27.341667 27.175 27.341667 27.408333 27.591667 27.658333 28.25 28.875 31.0 31.75 31.875 34.75 35.25 36.0 37.625 39.341667 39.5 39.875 39.841667 39.75 39.658333 39.591667 39.25 
height:21.6 22.5 21.0 20.25 20.0 16.25 15.125 14.25 13.408333 13.375 13.591667 13.658333 13.841667 13.908333 14.158333 14.591667 15.0 16.625 18.0 18.125 20.25 22.25 23.75 24.091667 24.408333 24.591667 24.591667 24.5 23.841667 
height:21.8 38.341667 37.5 39.591667 39.658333 39.841667 39.841667 39.658333 39.591667 39.091667 37.875 36.5 34.75 31.875 31.75 31.0 30.125 29.25 28.408333 28.25 27.908333 27.5 27.341667 27.158333 27.341667 27.408333 27.908333 28.341667 28.5 30.25 32.25 33.0 33.25 34.25 35.25 35.75 36.75 
height:21.8 20.75 21.25 21.875 23.841667 24.091667 24.341667 24.25 23.841667 23.5 22.75 21.5 21.0 20.0 16.0 14.5 13.658333 13.375 13.408333 13.591667 13.75 13.841667 13.908333 14.408333 14.841667 15.0 16.625 18.0 18.125 20.25 
height:22.0 14.658333 16.625 13.908333 13.75 13.591667 13.408333 13.375 13.658333 14.5 16.0 20.0 21.0 21.5 22.75 23.591667 23.841667 24.0 24.091667 24.125 23.908333 23.841667 23.125 21.5 20.0 18.375 18.25 17.75 
height:22.0 38.125 39.341667 38.125 37.75 36.5 31.875 31.75 31.0 29.25 28.408333 28.25 27.908333 27.841667 27.408333 27.25 27.125 27.658333 28.158333 30.25 32.25 33.0 33.25 34.25 34.5 35.0 35.75 36.25 37.5 37.75 37.908333 38.591667 39.591667 39.75 39.875 39.658333 39.5 
height:22.2 24.0 23.841667 24.091667 24.125 24.0 23.841667 23.0 21.5 19.75 18.375 18.25 16.625 14.75 14.25 13.908333 13.841667 13.75 13.5 13.341667 13.158333 13.408333 14.5 16.0 20.0 21.0 21.5 21.875 22.75 23.341667 
height:22.2 33.0 33.5 32.25 30.25 29.375 28.875 28.5 27.908333 27.658333 27.341667 27.158333 27.125 27.25 27.341667 27.5 27.658333 28.158333 29.125 31.0 31.75 31.875 34.5 35.0 35.75 37.375 39.0 39.591667 39.658333 39.75 39.841667 39.658333 39.591667 39.25 38.658333 38.591667 37.25 37.0 36.625 34.25 
height:22.4 35.75 36.75 37.875 38.75 39.591667 39.591667 38.341667 37.25 36.5 35.5 35.0 34.0 33.125 32.25 31.375 31.0 30.25 29.375 28.875 28.5 27.908333 27.658333 27.591667 27.158333 27.125 27.5 27.591667 27.658333 27.908333 28.75 29.875 30.25 31.75 31.875 34.5 34.75 
height:22.4 14.658333 16.75 18.0 18.5 18.625 19.5 20.875 21.5 23.5 23.841667 23.875 24.075 23.875 23.841667 23.5 22.25 21.875 21.5 21.0 20.0 18.5 18.25 17.75 15.75 14.0 13.158333 13.158333 13.341667 13.408333 13.591667 13.658333 13.841667 13.908333 
height:22.6 37.25 37.75 37.25 36.5 36.125 35.75 35.5 34.75 33.25 33.0 31.0 29.75 29.5 29.125 28.5 28.25 27.908333 27.5 27.125 27.158333 27.341667 27.658333 28.158333 28.875 29.875 30.75 31.5 31.625 34.25 36.25 36.625 37.625 38.5 38.658333 39.091667 39.625 39.591667 38.75 38.591667 37.908333 
height:22.6 17.5 15.5 14.75 14.25 13.658333 13.5 13.158333 13.158333 13.341667 13.658333 13.841667 13.908333 14.658333 16.75 18.0 18.75 18.875 19.25 19.375 20.25 21.75 23.0 23.841667 23.841667 23.25 22.25 20.0 18.5 18.375 18.0 
height:22.8 23.875 23.841667 23.875 22.375 21.875 21.25 20.25 17.875 17.75 16.625 14.408333 13.658333 13.591667 13.408333 13.25 13.125 13.158333 13.591667 13.75 14.25 14.75 15.75 17.5 18.0 18.375 20.75 22.25 23.341667 
height:22.8 31.5 30.75 29.0 28.0 27.658333 26.875 26.908333 27.341667 27.658333 28.091667 28.25 29.625 30.5 30.875 32.25 33.0 33.25 33.75 34.75 37.0 38.341667 39.341667 39.5 39.625 39.625 39.341667 38.75 37.125 35.5 34.75 34.25 31.625 
height:23.0 20.75 21.25 22.125 22.25 22.625 23.341667 23.841667 23.841667 23.75 23.591667 23.158333 23.0 22.5 20.75 18.375 18.0 17.25 15.25 14.25 13.408333 13.158333 13.125 13.908333 14.341667 14.5 16.625 18.0 18.125 19.75 
height:23.0 31.5 30.75 29.75 28.625 27.908333 26.875 26.908333 27.341667 27.408333 28.0 29.625 30.5 30.875 32.25 33.0 33.25 34.5 35.875 36.25 37.0 38.341667 39.591667 39.625 39.341667 38.5 37.625 36.5 35.5 34.5 34.25 31.625 
height:23.2 30.0 31.5 27.908333 27.25 26.875 26.908333 27.341667 27.408333 28.375 29.625 30.0 31.5 31.625 34.0 36.0 37.375 38.841667 39.341667 39.408333 39.625 39.5 39.341667 38.341667 38.0 37.841667 37.25 34.5 33.5 33.25 33.0 
height:23.2 13.158333 14.125 15.25 17.25 18.0 18.375 20.75 22.5 23.341667 23.5 23.658333 23.841667 23.875 23.75 23.591667 23.25 23.0 21.5 19.75 18.125 18.0 16.75 15.875 15.5 15.408333 15.25 14.408333 14.25 13.908333 13.5 13.341667 13.158333 
height:23.4 30.0 29.625 30.0 31.5 31.625 36.0 37.75 38.0 38.591667 39.091667 39.375 39.341667 38.341667 36.75 36.5 36.125 34.25 32.25 32.0 31.5 29.875 29.0 28.5 28.25 27.658333 27.408333 27.341667 26.908333 26.875 27.158333 27.5 27.658333 28.0 28.75 
height:23.4 13.158333 14.125 15.25 17.5 18.0 18.5 19.75 20.75 21.25 21.75 22.0 22.75 23.591667 23.625 23.825 23.658333 23.591667 23.0 21.5 19.75 18.125 18.0 16.75 16.125 15.625 14.158333 13.658333 13.341667 13.158333 
height:23.6 34.25 34.375 35.25 36.25 36.75 37.125 38.0 39.091667 39.375 39.341667 39.158333 38.75 38.091667 36.75 34.25 32.5 31.5 30.0 28.375 27.658333 26.908333 26.908333 27.341667 27.5 27.908333 28.375 29.5 30.5 31.25 31.375 
height:23.6 13.341667 13.658333 13.158333 13.158333 14.125 14.75 15.75 17.75 18.0 18.5 19.75 20.75 21.25 21.75 22.0 23.0 23.591667 23.591667 22.75 21.5 20.625 19.75 19.5 18.125 18.0 16.75 16.125 15.625 14.158333 
height:23.8 13.341667 13.658333 13.158333 13.158333 14.25 15.5 17.75 18.25 18.5 19.75 20.75 21.25 22.75 23.341667 23.625 23.591667 22.5 21.875 21.0 20.5 19.625 19.5 18.375 18.25 16.75 16.125 15.625 14.658333 14.5 14.158333 
height:23.8 37.125 38.591667 35.25 34.5 34.0 31.375 31.25 30.5 29.0 27.658333 27.591667 26.908333 26.841667 26.625 26.908333 27.341667 27.408333 28.25 29.125 29.625 30.0 32.25 34.0 34.875 36.375 36.75 37.0 37.591667 37.75 38.091667 38.75 39.158333 39.341667 39.341667 
height:24.0 13.158333 14.125 13.158333 13.091667 13.091667 13.25 13.408333 13.908333 15.0 16.0 17.5 18.5 18.625 19.0 19.5 20.25 21.25 23.0 23.341667 23.625 23.591667 23.408333 23.25 22.841667 22.25 20.5 19.75 19.625 18.5 18.25 17.75 15.5 15.25 14.75 
height:24.0 31.125 31.0 31.125 35.75 37.5 38.841667 39.0 39.158333 39.325 39.158333 39.091667 38.25 38.0 37.841667 36.5 34.0 32.5 31.5 29.375 27.75 26.908333 26.75 26.625 26.658333 26.841667 27.158333 27.908333 28.125 28.5 29.75 
height:24.2 17.25 17.5 18.75 18.875 19.25 19.5 20.25 21.25 22.75 23.341667 23.408333 23.591667 23.625 23.5 23.341667 22.5 22.25 20.5 19.75 19.5 16.0 14.25 13.158333 13.158333 13.341667 13.5 13.75 13.908333 14.5 14.658333 15.875 16.25 16.75 
height:24.2 38.5 37.75 38.841667 38.908333 39.125 39.125 39.0 38.841667 37.591667 36.75 36.5 36.125 34.625 33.75 32.25 31.375 29.375 27.75 27.25 26.908333 26.841667 26.625 26.658333 26.841667 26.908333 27.908333 28.375 28.75 29.25 30.25 31.0 31.125 33.75 34.25 35.0 36.875 
height:24.4 13.158333 13.341667 13.408333 14.5 15.875 16.25 16.75 17.25 17.5 19.0 19.125 19.375 20.25 21.375 22.75 23.341667 23.341667 22.841667 21.75 21.5 21.0 20.5 19.5 16.0 14.875 14.0 13.5 13.158333 
height:24.4 31.125 31.0 30.25 29.25 28.125 27.658333 27.0 26.625 26.625 26.908333 27.408333 28.375 28.875 29.5 32.25 33.5 36.25 37.841667 38.841667 38.908333 39.125 38.841667 37.5 36.75 36.375 36.0 35.0 34.125 34.0 
height:24.6 36.375 37.75 36.375 36.0 35.5 31.125 31.0 30.25 28.75 27.658333 26.908333 26.841667 26.625 26.625 26.908333 27.341667 27.75 28.625 29.125 29.75 30.25 31.375 32.25 33.0 33.375 34.25 35.25 35.5 35.875 36.25 36.5 37.591667 38.841667 38.875 38.591667 
height:24.6 23.341667 23.375 23.158333 23.091667 22.591667 21.75 19.5 16.25 15.75 15.0 14.0 13.841667 13.158333 13.158333 13.341667 13.658333 14.091667 14.25 16.25 17.5 19.0 19.125 19.375 20.25 21.375 22.591667 22.75 23.091667 23.158333 
height:24.8 38.25 37.5 38.591667 38.658333 38.875 38.875 38.75 38.591667 37.908333 37.5 36.0 33.25 32.875 31.5 30.25 29.75 29.375 28.875 27.75 26.658333 26.591667 26.375 26.591667 26.658333 27.658333 28.375 29.5 31.0 31.125 33.5 35.5 36.25 36.625 
height:24.8 13.158333 14.5 16.5 19.25 19.5 20.25 22.0 22.591667 22.841667 23.375 23.341667 22.591667 21.375 20.25 17.375 17.25 16.75 16.125 13.908333 13.408333 13.341667 13.158333 
height:25.0 31.5 33.75 31.5 30.375 29.125 27.25 26.908333 26.591667 26.408333 26.375 26.5 26.658333 27.091667 27.158333 27.5 27.908333 28.375 29.0 30.25 31.0 31.125 33.75 33.875 34.75 35.75 37.0 37.158333 37.75 38.158333 38.25 38.375 38.591667 38.75 38.875 38.875 38.75 38.591667 37.591667 36.25 36.0 35.625 35.0 
height:25.0 20.75 20.0 20.75 21.125 21.5 23.091667 23.375 23.158333 23.091667 23.0 22.591667 21.25 19.25 16.25 16.0 15.125 14.25 13.158333 13.158333 13.908333 14.841667 14.908333 15.25 16.125 16.75 17.5 17.625 
height:25.2 31.5 33.75 35.75 37.5 38.591667 38.591667 37.5 36.125 35.75 35.25 33.25 31.125 31.0 30.25 29.0 27.75 27.5 27.158333 27.0 26.375 26.375 26.591667 26.658333 27.158333 27.75 28.0 28.25 29.25 30.125 30.75 
height:25.2 14.591667 13.908333 14.75 16.125 16.75 17.5 17.625 20.0 20.75 21.5 22.0 22.158333 22.75 23.091667 23.125 22.908333 22.841667 22.5 21.5 19.25 16.5 16.25 15.375 14.5 13.5 13.158333 13.158333 
height:25.4 31.5 33.5 30.75 30.125 29.25 27.75 27.5 26.908333 26.841667 26.408333 26.375 26.908333 27.5 28.875 30.25 31.0 31.125 33.25 35.25 36.0 36.375 37.25 37.75 38.591667 38.625 38.341667 37.341667 36.0 
height:25.4 13.408333 14.5 14.875 17.0 19.0 20.0 20.5 21.75 22.341667 22.841667 22.908333 23.125 23.091667 22.5 20.75 20.0 17.625 17.5 16.75 16.125 15.5 15.125 14.658333 14.5 13.658333 13.125 13.125 
height:25.6 31.5 33.25 30.75 30.125 29.25 28.75 28.375 27.5 26.658333 26.375 26.375 27.0 27.408333 29.0 30.25 31.0 31.125 33.5 33.625 34.5 35.5 36.75 37.0 37.591667 38.341667 38.408333 38.591667 38.625 38.341667 38.0 37.841667 37.5 36.75 36.25 35.5 34.625 34.0 
height:25.6 19.75 19.0 20.0 20.5 21.75 22.0 22.25 22.841667 22.908333 23.125 23.091667 22.591667 20.875 20.25 17.625 17.5 16.75 15.5 13.908333 13.158333 13.091667 12.925 13.408333 13.75 13.908333 14.75 15.125 17.25 18.5 
height:25.8 31.125 31.0 31.125 35.0 35.5 35.875 37.25 38.091667 38.375 38.341667 38.0 37.841667 37.091667 35.75 33.25 31.75 31.5 29.5 29.25 28.875 27.5 26.408333 26.25 26.125 26.158333 26.341667 26.5 26.908333 27.408333 29.0 30.25 
height:25.8 22.841667 22.341667 22.841667 23.125 23.091667 22.908333 22.841667 22.5 20.875 20.25 17.625 17.5 16.75 15.75 13.908333 12.908333 12.908333 13.091667 13.158333 13.875 14.875 16.0 16.75 17.25 18.5 18.75 19.75 21.25 
height:26.0 19.5 19.75 19.5 18.75 18.25 17.0 16.25 14.625 14.341667 13.5 13.158333 13.091667 12.908333 12.908333 13.091667 13.158333 13.658333 16.0 17.5 17.625 20.25 20.625 21.125 22.5 22.841667 23.0 23.091667 22.875 22.841667 22.658333 22.591667 22.25 22.091667 21.5 20.25 
height:26.0 31.125 31.0 30.25 29.0 27.408333 26.658333 26.125 26.158333 26.591667 26.658333 27.0 29.0 30.875 31.5 31.75 32.75 33.0 34.25 35.25 36.75 37.25 38.091667 38.375 38.375 38.091667 37.591667 37.0 36.75 36.0 35.625 35.25 34.25 33.375 33.25 
height:26.2 27.5 27.875 28.375 29.0 29.5 31.5 31.75 32.625 33.5 34.25 34.875 35.25 35.5 37.091667 38.091667 38.25 38.375 38.158333 38.091667 37.341667 36.75 36.5 36.0 35.25 34.25 33.25 33.0 31.375 31.25 30.25 29.0 27.408333 26.658333 26.341667 26.158333 26.125 26.408333 26.908333 
height:26.2 14.875 16.25 14.875 13.158333 12.875 12.908333 13.658333 14.591667 14.875 15.25 16.0 17.5 17.625 20.25 20.625 21.0 22.25 22.841667 22.875 22.658333 22.591667 22.25 21.0 20.0 18.5 18.25 17.75 
height:26.4 31.0 32.5 33.5 34.0 35.75 36.841667 37.158333 37.591667 37.658333 38.091667 38.125 37.841667 37.591667 37.0 36.75 35.875 34.75 34.125 34.0 32.625 32.5 31.875 31.75 30.25 30.0 29.5 28.875 27.5 26.158333 26.158333 26.908333 27.25 27.408333 28.125 29.5 30.75 
height:26.4 13.875 14.25 14.5 15.0 15.375 15.75 16.25 16.5 19.25 19.5 20.0 21.25 22.091667 22.591667 22.658333 22.875 22.841667 22.25 21.125 20.625 20.25 19.375 19.125 19.0 17.75 17.625 16.0 15.25 14.875 14.5 14.341667 13.908333 13.5 13.158333 12.875 12.908333 
height:26.6 27.25 28.125 27.25 26.0 25.875 25.908333 26.091667 26.408333 27.408333 28.0 28.375 29.0 29.375 30.25 30.375 33.5 35.0 35.375 35.75 36.5 37.841667 38.125 38.125 37.591667 37.158333 36.75 35.25 34.875 34.5 32.5 32.25 29.25 
height:26.6 22.341667 22.0 22.75 22.841667 22.841667 22.658333 22.591667 22.25 22.091667 21.125 20.625 20.25 19.375 19.125 19.0 16.5 15.125 14.0 12.908333 12.908333 13.5 13.75 15.375 16.5 19.0 20.75 
height:26.8 26.158333 25.875 26.908333 27.375 28.75 30.0 30.75 31.25 33.0 33.25 33.75 35.5 36.841667 37.841667 37.875 37.591667 37.0 36.75 35.375 35.0 34.5 33.5 30.625 30.5 29.625 28.875 28.375 27.908333 27.25 26.908333 26.841667 26.5 26.25 26.158333 26.091667 25.908333 
height:26.8 22.658333 22.591667 22.25 22.091667 21.0 20.625 20.25 19.375 19.125 19.0 16.5 15.125 13.75 13.341667 12.908333 12.908333 13.5 15.125 15.875 16.75 18.75 20.625 21.0 21.25 21.841667 22.591667 22.75 22.875 22.841667 
height:27.0 34.75 32.5 31.0 30.75 29.25 28.75 28.125 27.5 26.5 26.158333 25.875 25.908333 26.908333 28.0 29.75 30.5 30.625 33.25 34.75 35.25 35.625 36.5 37.25 37.591667 37.875 37.841667 36.841667 36.5 36.25 
height:27.0 20.25 19.5 19.25 18.875 18.75 16.5 15.5 13.75 12.908333 12.908333 13.5 14.875 15.375 15.75 17.0 18.25 18.75 19.5 20.75 21.841667 22.591667 22.658333 22.825 22.658333 22.591667 21.841667 21.125 20.625 
height:27.2 20.25 19.5 19.25 18.875 18.75 17.5 17.375 15.75 15.25 14.875 14.0 13.841667 12.908333 12.841667 12.675 12.75 12.908333 13.341667 13.5 14.875 15.375 15.75 17.0 18.0 18.375 19.25 21.0 21.591667 22.091667 22.5 22.591667 22.591667 21.841667 21.125 20.625 
height:27.2 28.375 28.0 28.75 29.75 30.75 30.875 33.0 33.5 34.25 35.841667 35.908333 36.5 37.591667 37.875 37.875 37.591667 37.158333 36.75 35.0 34.625 34.25 32.25 31.0 30.75 29.25 28.0 27.25 26.75 25.908333 25.908333 26.25 27.158333 27.75 
height:27.4 27.0 28.125 27.0 26.591667 25.908333 25.908333 28.25 29.75 31.0 31.125 33.0 34.5 35.625 36.5 37.591667 37.658333 37.875 37.75 37.591667 36.591667 35.25 34.0 33.5 32.5 31.25 30.75 30.0 
height:27.4 22.341667 22.408333 21.908333 21.75 21.125 20.375 19.5 18.625 18.5 16.5 16.375 15.75 15.375 14.875 13.408333 12.658333 12.658333 12.75 12.908333 13.25 13.5 14.875 16.25 17.0 17.25 17.625 19.0 20.75 21.591667 22.091667 22.158333 22.591667 22.591667 
height:27.6 27.0 28.125 27.0 26.591667 25.75 25.675 25.841667 25.908333 27.158333 27.5 27.75 28.25 29.25 29.875 30.0 31.5 31.625 32.25 32.75 33.75 35.5 36.0 36.158333 36.841667 37.0 37.341667 37.408333 37.591667 37.591667 36.591667 36.25 36.0 34.5 34.125 32.0 31.0 30.75 29.25 
height:27.6 22.5 22.341667 22.591667 22.591667 21.591667 21.0 20.625 20.375 19.5 18.375 18.25 16.25 15.25 14.625 14.0 13.841667 13.25 12.658333 12.658333 13.25 14.875 15.75 16.25 18.75 20.25 21.5 21.841667 22.0 
height:27.8 20.25 21.5 20.25 19.25 18.375 16.125 15.5 13.75 13.591667 12.908333 12.841667 12.658333 12.658333 13.0 14.625 16.5 18.5 18.75 19.25 20.5 20.75 21.591667 22.0 22.341667 22.408333 22.625 22.341667 
height:27.8 25.625 25.75 25.625 25.75 25.908333 28.375 29.0 30.75 31.0 32.0 34.125 34.5 36.5 37.091667 37.158333 37.625 37.625 37.341667 36.5 35.125 34.625 34.25 33.25 29.875 29.75 29.25 28.125 27.158333 25.908333 
